A1S_0001	MPN_RS03860	34.535	333	200	10	129	449	101	427	4.10e-47	163
A1S_0001	MPN_RS03090	22.901	131	80	4	156	286	31	140	2.09e-04	37.7
A1S_0004	MPN_RS00015	48.336	571	269	6	17	568	8	571	0.0	540
A1S_0004	MPN_RS00015	67.188	64	21	0	755	818	582	645	5.71e-22	95.9
A1S_0004	MPN_RS00695	42.218	559	311	10	19	568	5	560	4.62e-142	429
A1S_0004	MPN_RS00695	55.000	60	27	0	755	814	569	628	1.67e-17	81.3
A1S_0007	MPN_RS02365	22.951	244	147	5	1	225	5	226	4.95e-14	67.0
A1S_0007	MPN_RS02365	22.018	218	143	5	307	498	1	217	1.09e-07	48.1
A1S_0007	MPN_RS03465	24.749	299	181	12	246	507	14	305	2.57e-12	63.2
A1S_0007	MPN_RS03465	33.721	86	53	2	138	220	216	300	1.29e-05	42.4
A1S_0007	MPN_RS01870	23.684	228	152	8	309	517	4	228	4.29e-12	62.4
A1S_0007	MPN_RS01220	22.400	250	118	9	330	507	44	289	6.59e-12	62.4
A1S_0007	MPN_RS01220	32.584	89	50	2	134	215	194	279	9.97e-07	45.8
A1S_0007	MPN_RS01225	29.592	98	65	1	414	507	671	768	2.16e-10	58.2
A1S_0007	MPN_RS01225	30.556	72	46	1	149	216	688	759	8.23e-06	43.5
A1S_0007	MPN_RS00775	29.348	92	61	1	430	517	363	454	9.26e-09	52.8
A1S_0007	MPN_RS00775	29.730	74	48	1	147	216	362	435	2.21e-07	48.5
A1S_0007	MPN_RS01080	22.917	240	154	8	311	522	16	252	1.14e-08	51.6
A1S_0007	MPN_RS01080	27.434	113	79	1	124	233	136	248	8.39e-05	39.7
A1S_0007	MPN_RS02445	27.074	229	126	10	312	507	101	321	1.27e-08	52.0
A1S_0007	MPN_RS02445	33.696	92	53	3	132	219	228	315	1.41e-05	42.4
A1S_0007	MPN_RS00440	25.116	215	133	10	320	511	244	453	1.69e-08	51.6
A1S_0007	MPN_RS00440	21.891	201	123	8	30	218	264	442	4.15e-04	37.7
A1S_0007	MPN_RS02450	23.563	174	101	4	311	462	1	164	2.48e-07	47.4
A1S_0007	MPN_RS03855	21.569	204	138	5	320	504	65	265	2.86e-07	47.0
A1S_0007	MPN_RS03845	21.759	216	123	8	326	509	132	333	7.56e-07	46.2
A1S_0007	MPN_RS03845	32.500	80	49	2	149	224	252	330	1.77e-06	45.1
A1S_0007	MPN_RS00305	27.928	111	75	2	397	503	316	425	1.41e-06	45.8
A1S_0007	MPN_RS00305	38.710	62	34	1	149	206	349	410	5.07e-05	40.8
A1S_0007	MPN_RS01425	27.128	188	107	8	32	203	38	211	1.80e-06	45.4
A1S_0007	MPN_RS01075	21.973	223	128	9	313	504	11	218	3.33e-06	43.9
A1S_0007	MPN_RS03520	28.283	99	64	3	126	218	813	910	5.51e-05	40.8
A1S_0012	MPN_RS02700	24.885	217	134	7	31	239	25	220	9.13e-08	47.0
A1S_0014	MPN_RS03775	31.111	315	201	9	11	315	6	314	5.13e-35	128
A1S_0018	MPN_RS01855	44.118	34	18	1	48	80	196	229	1.47e-04	35.8
A1S_0019	MPN_RS01620	27.273	176	111	7	6	173	18	184	4.52e-05	37.0
A1S_0020	MPN_RS02980	36.855	795	464	19	11	793	1	769	1.48e-156	478
A1S_0020	MPN_RS02740	21.641	707	456	13	66	764	45	661	2.67e-38	148
A1S_0020	MPN_RS02160	25.854	205	102	9	474	641	405	596	1.11e-10	60.1
A1S_0020	MPN_RS02160	21.526	367	225	8	29	355	3	346	9.34e-08	50.4
A1S_0020	MPN_RS00130	42.857	63	31	1	601	658	288	350	3.48e-08	51.6
A1S_0020	MPN_RS00130	25.949	158	91	5	68	222	12	146	7.63e-07	47.4
A1S_0026	MPN_RS03465	31.224	237	139	8	34	248	85	319	2.15e-30	111
A1S_0026	MPN_RS03845	34.043	235	131	8	29	245	109	337	1.36e-29	109
A1S_0026	MPN_RS02365	31.250	224	128	4	27	229	1	219	1.37e-27	101
A1S_0026	MPN_RS03855	35.885	209	121	6	46	244	71	276	3.00e-27	101
A1S_0026	MPN_RS00440	31.600	250	144	10	17	247	217	458	1.18e-26	102
A1S_0026	MPN_RS01080	30.992	242	135	8	22	237	6	241	1.27e-26	100
A1S_0026	MPN_RS01075	28.502	207	137	5	37	234	15	219	1.67e-25	97.1
A1S_0026	MPN_RS00305	47.619	105	55	0	132	236	325	429	3.57e-24	96.3
A1S_0026	MPN_RS00305	37.755	98	60	1	32	128	7	104	1.88e-12	61.6
A1S_0026	MPN_RS02450	33.668	199	122	4	47	238	19	214	4.15e-22	87.8
A1S_0026	MPN_RS00775	37.624	101	63	0	136	236	344	444	7.95e-20	83.6
A1S_0026	MPN_RS00775	27.451	102	73	1	41	142	22	122	1.13e-08	50.1
A1S_0026	MPN_RS01225	33.121	157	91	4	84	236	622	768	1.16e-19	83.2
A1S_0026	MPN_RS01225	29.054	148	85	8	18	148	2	146	5.91e-09	51.2
A1S_0026	MPN_RS01870	24.681	235	135	7	23	234	2	217	1.44e-18	78.6
A1S_0026	MPN_RS00105	28.514	249	142	8	19	235	346	590	6.83e-17	74.7
A1S_0026	MPN_RS00110	26.106	226	143	7	26	234	391	609	1.80e-16	73.6
A1S_0026	MPN_RS02445	28.436	211	134	6	45	240	117	325	6.05e-15	68.6
A1S_0026	MPN_RS01425	25.991	227	133	6	42	240	18	237	1.23e-14	68.2
A1S_0026	MPN_RS01425	22.667	225	133	8	41	234	338	552	3.40e-06	42.4
A1S_0026	MPN_RS01220	21.260	254	141	4	42	236	36	289	1.92e-12	61.2
A1S_0062	MPN_RS03765	41.281	281	161	3	2	281	4	281	2.35e-63	196
A1S_0064	MPN_RS01385	23.117	385	248	12	147	521	76	422	5.88e-11	59.3
A1S_0065	MPN_RS01420	34.639	332	198	10	2	325	6	326	1.16e-45	154
A1S_0089	MPN_RS01615	31.944	216	142	4	8	219	71	285	4.52e-24	92.4
A1S_0089	MPN_RS03150	27.700	213	127	6	13	204	84	290	4.00e-16	70.9
A1S_0095	MPN_RS00270	41.667	48	28	0	3	50	6	53	3.84e-06	43.1
A1S_0118	MPN_RS02700	18.367	245	179	5	380	608	20	259	2.94e-04	37.7
A1S_0124	MPN_RS03870	24.359	234	138	9	8	232	7	210	2.08e-10	54.7
A1S_0144	MPN_RS00440	27.624	181	110	4	25	185	250	429	1.21e-20	85.5
A1S_0144	MPN_RS01075	27.536	207	129	7	25	212	24	228	1.19e-18	78.2
A1S_0144	MPN_RS03845	27.461	193	105	3	20	185	127	311	1.70e-18	78.6
A1S_0144	MPN_RS02365	22.831	219	143	3	6	199	2	219	6.47e-18	75.5
A1S_0144	MPN_RS00110	27.039	233	144	8	11	220	397	626	9.76e-18	77.0
A1S_0144	MPN_RS01870	31.383	188	112	7	14	186	14	199	5.71e-17	73.9
A1S_0144	MPN_RS01080	24.138	232	128	7	25	220	36	255	6.88e-16	70.9
A1S_0144	MPN_RS01425	29.630	189	101	5	29	186	26	213	1.65e-15	70.5
A1S_0144	MPN_RS01425	21.698	212	121	7	27	201	346	549	3.77e-08	48.5
A1S_0144	MPN_RS00305	29.814	161	102	4	72	221	285	445	7.46e-15	68.6
A1S_0144	MPN_RS00305	26.984	63	45	1	9	70	5	67	2.08e-05	40.0
A1S_0144	MPN_RS00775	25.786	159	111	3	71	222	305	463	3.70e-14	66.6
A1S_0144	MPN_RS00775	31.667	60	41	0	11	70	13	72	7.24e-08	47.4
A1S_0144	MPN_RS02450	26.383	235	134	6	20	232	13	230	8.40e-14	64.3
A1S_0144	MPN_RS01225	30.851	94	64	1	124	216	686	779	1.56e-13	64.7
A1S_0144	MPN_RS01225	40.741	54	26	1	26	73	31	84	6.28e-05	38.5
A1S_0144	MPN_RS03855	22.043	186	127	3	29	197	75	259	2.61e-13	63.2
A1S_0144	MPN_RS03465	23.707	232	138	7	19	217	92	317	5.44e-13	62.4
A1S_0144	MPN_RS02445	25.822	213	125	5	16	199	106	314	1.01e-12	62.0
A1S_0144	MPN_RS00105	25.824	182	102	6	19	168	376	556	1.23e-12	62.0
A1S_0144	MPN_RS01220	21.154	260	136	7	26	216	41	300	1.02e-10	55.8
A1S_0144	MPN_RS03520	33.333	105	63	4	88	186	795	898	1.48e-07	46.6
A1S_0144	MPN_RS03270	28.662	157	96	6	43	189	494	644	2.01e-07	46.2
A1S_0152	MPN_RS03425	24.260	169	123	3	8	172	4	171	5.82e-09	48.1
A1S_0153	MPN_RS03420	49.802	506	238	3	7	508	6	499	0.0	525
A1S_0153	MPN_RS03410	25.131	382	260	7	70	445	56	417	1.09e-28	113
A1S_0154	MPN_RS03415	25.685	292	185	8	1	280	1	272	1.46e-22	89.7
A1S_0155	MPN_RS03410	63.383	467	163	3	1	464	6	467	0.0	605
A1S_0155	MPN_RS03420	25.607	453	301	10	10	441	28	465	3.11e-29	115
A1S_0156	MPN_RS03405	22.989	87	66	1	26	112	26	111	2.54e-04	33.9
A1S_0168	MPN_RS01360	34.783	115	70	4	43	152	82	196	4.32e-17	70.9
A1S_0186	MPN_RS03095	26.807	332	238	4	13	341	29	358	1.04e-34	126
A1S_0190	MPN_RS00905	23.077	208	149	6	283	484	177	379	8.61e-04	36.2
A1S_0200	MPN_RS03040	36.250	160	98	3	16	175	6	161	2.24e-26	94.4
A1S_0204	MPN_RS02835	21.905	210	136	6	20	210	3	203	4.06e-11	56.2
A1S_0227	MPN_RS03275	37.793	299	181	4	170	465	137	433	1.79e-55	186
A1S_0230	MPN_RS03565	41.188	505	286	7	12	511	6	504	1.55e-130	384
A1S_0243	MPN_RS00040	37.097	62	37	2	1	61	214	274	7.07e-04	37.0
A1S_0247	MPN_RS03820	32.400	250	140	7	46	267	7	255	1.10e-32	120
A1S_0279	MPN_RS03755	68.020	394	124	1	1	394	1	392	0.0	557
A1S_0279	MPN_RS01270	34.375	128	81	3	14	139	12	138	2.54e-12	63.2
A1S_0279	MPN_RS00885	29.185	233	135	9	15	245	124	328	9.45e-11	58.2
A1S_0279	MPN_RS01540	30.075	133	83	5	14	140	8	136	2.06e-10	57.0
A1S_0282	MPN_RS00370	22.000	150	86	4	3	122	9	157	2.71e-07	43.9
A1S_0283	MPN_RS01230	47.518	141	67	4	1	140	1	135	1.16e-32	107
A1S_0284	MPN_RS01235	44.643	224	122	1	1	224	1	222	2.21e-59	182
A1S_0285	MPN_RS03100	26.452	155	113	1	6	160	5	158	3.35e-16	67.0
A1S_0286	MPN_RS03105	44.262	122	64	2	3	123	4	122	1.74e-24	85.9
A1S_0287	MPN_RS02950	39.615	727	357	13	274	967	375	1052	7.04e-157	504
A1S_0287	MPN_RS02950	47.720	329	147	5	1053	1356	1025	1353	1.56e-89	313
A1S_0287	MPN_RS02950	26.360	239	140	7	12	226	18	244	2.34e-15	76.3
A1S_0288	MPN_RS02945	39.825	1140	549	20	25	1044	18	1140	0.0	803
A1S_0288	MPN_RS02945	35.021	237	150	2	1125	1359	1038	1272	4.58e-37	147
A1S_0310	MPN_RS00710	27.273	572	380	18	16	568	12	566	7.97e-53	185
A1S_0312	MPN_RS01400	32.026	153	92	6	8	152	12	160	8.29e-16	67.8
A1S_0319	MPN_RS02375	22.727	132	97	3	9	137	4	133	1.36e-08	45.8
A1S_0321	MPN_RS02415	28.448	116	68	4	13	118	16	126	2.96e-07	47.8
A1S_0324	MPN_RS01985	31.401	207	133	5	39	240	36	238	4.35e-25	94.7
A1S_0326	MPN_RS02150	22.152	158	116	4	4	157	2	156	3.95e-06	40.4
A1S_0330	MPN_RS03570	38.521	257	141	6	7	261	3	244	1.25e-50	161
A1S_0335	MPN_RS00875	28.977	352	222	13	5	340	12	351	1.98e-34	130
A1S_0345	MPN_RS01905	32.184	87	49	2	215	291	223	309	7.26e-07	46.2
A1S_0345	MPN_RS01905	36.264	91	43	5	405	483	523	610	5.89e-04	37.0
A1S_0345	MPN_RS01900	34.118	85	48	2	215	291	215	299	6.50e-06	43.1
A1S_0357	MPN_RS01900	32.759	116	67	5	147	261	188	293	6.08e-07	47.8
A1S_0357	MPN_RS01905	29.032	93	57	3	173	263	220	305	3.43e-06	45.4
A1S_0360	MPN_RS03535	43.902	82	46	0	7	88	4	85	1.30e-16	63.5
A1S_0364	MPN_RS00675	54.688	64	29	0	3	66	6	69	1.29e-16	75.1
A1S_0364	MPN_RS00120	34.731	167	85	7	3	160	6	157	3.14e-16	73.6
A1S_0364	MPN_RS00010	46.032	63	32	1	6	68	4	64	1.05e-10	56.2
A1S_0367	MPN_RS02630	25.455	110	79	2	401	509	7	114	6.37e-05	39.3
A1S_0368	MPN_RS01190	38.182	55	27	1	547	601	504	551	6.49e-04	37.4
A1S_0375	MPN_RS00905	31.973	147	91	3	60	199	208	352	2.07e-16	73.2
A1S_0383	MPN_RS01545	45.652	46	24	1	49	93	73	118	7.24e-06	40.8
A1S_0386	MPN_RS02990	27.513	189	122	8	14	189	22	208	3.53e-06	40.8
A1S_0391	MPN_RS02025	31.169	77	42	1	1	77	1	66	1.51e-09	45.4
A1S_0413	MPN_RS03560	29.772	571	393	4	180	748	2	566	7.54e-89	286
A1S_0421	MPN_RS01045	48.529	68	35	0	4	71	10	77	5.02e-17	63.5
A1S_0421	MPN_RS01260	37.255	51	25	2	12	55	51	101	2.20e-04	32.0
A1S_0423	MPN_RS01090	28.049	246	172	4	1	245	1	242	2.59e-28	103
A1S_0433	MPN_RS02365	26.126	222	146	5	9	225	11	219	1.42e-16	74.7
A1S_0433	MPN_RS02365	27.670	206	121	7	317	497	6	208	1.62e-15	71.6
A1S_0433	MPN_RS01075	24.569	232	148	8	2	228	8	217	6.43e-14	67.4
A1S_0433	MPN_RS01075	24.737	190	115	5	327	494	18	201	1.73e-07	47.8
A1S_0433	MPN_RS03845	26.244	221	142	5	17	234	131	333	2.29e-13	66.2
A1S_0433	MPN_RS03845	26.699	206	127	6	327	511	126	328	6.22e-10	55.8
A1S_0433	MPN_RS01870	28.488	172	101	5	18	189	24	173	6.81e-13	64.7
A1S_0433	MPN_RS01870	23.529	238	140	8	318	522	6	234	4.49e-09	53.1
A1S_0433	MPN_RS01080	25.328	229	153	6	18	242	36	250	8.24e-12	61.2
A1S_0433	MPN_RS01080	23.944	213	130	8	318	502	16	224	1.51e-06	45.1
A1S_0433	MPN_RS01220	26.772	254	137	10	6	215	24	272	2.89e-11	60.5
A1S_0433	MPN_RS01220	30.137	73	47	1	439	507	209	281	1.58e-05	42.0
A1S_0433	MPN_RS00775	37.500	80	45	2	153	228	362	440	3.18e-11	60.5
A1S_0433	MPN_RS00775	34.848	66	42	1	4	69	13	77	3.27e-06	44.7
A1S_0433	MPN_RS00775	22.222	171	101	8	383	533	302	460	2.21e-04	38.5
A1S_0433	MPN_RS00305	43.590	78	41	1	154	228	348	425	3.76e-11	60.5
A1S_0433	MPN_RS00305	30.882	68	42	2	23	90	27	89	5.64e-05	40.4
A1S_0433	MPN_RS01225	40.506	79	42	2	154	228	687	764	6.61e-11	60.1
A1S_0433	MPN_RS01225	28.421	95	61	3	439	529	688	779	1.87e-05	42.4
A1S_0433	MPN_RS03465	27.982	218	136	10	18	228	98	301	1.05e-10	58.2
A1S_0433	MPN_RS03465	24.900	249	146	12	316	532	80	319	4.22e-10	56.2
A1S_0433	MPN_RS00440	25.328	229	138	8	17	236	249	453	1.09e-10	58.5
A1S_0433	MPN_RS00440	30.645	186	109	7	345	511	262	446	1.38e-07	48.9
A1S_0433	MPN_RS00110	25.311	241	132	9	6	228	397	607	7.86e-10	56.2
A1S_0433	MPN_RS00110	23.980	196	125	8	336	511	417	608	1.88e-04	38.9
A1S_0433	MPN_RS03855	32.530	83	52	2	149	228	183	264	9.88e-10	54.7
A1S_0433	MPN_RS03855	29.592	98	57	3	436	529	186	275	6.18e-06	43.1
A1S_0433	MPN_RS01425	25.616	203	134	6	33	228	37	229	2.11e-08	51.6
A1S_0433	MPN_RS01425	23.932	234	143	9	11	228	336	550	7.91e-08	49.7
A1S_0433	MPN_RS02450	27.397	219	126	9	16	228	17	208	2.57e-08	50.1
A1S_0433	MPN_RS02450	24.766	214	136	8	318	512	1	208	4.08e-04	37.4
A1S_0433	MPN_RS02445	40.260	77	43	3	154	228	242	317	4.01e-07	47.0
A1S_0433	MPN_RS02445	28.155	206	112	9	323	498	105	304	6.97e-06	43.1
A1S_0433	MPN_RS00105	48.485	33	17	0	154	186	513	545	6.76e-05	40.4
A1S_0439	MPN_RS01440	32.011	731	419	18	22	705	3	702	3.00e-103	331
A1S_0442	MPN_RS01905	27.911	627	381	28	9	594	8	604	1.48e-36	140
A1S_0442	MPN_RS01900	27.394	376	232	11	7	357	1	360	2.22e-24	102
A1S_0442	MPN_RS01900	30.579	121	65	5	497	612	350	456	1.04e-04	39.7
A1S_0447	MPN_RS02690	42.424	33	19	0	17	49	19	51	2.96e-04	29.6
A1S_0448	MPN_RS03545	29.508	61	42	1	1	61	1	60	2.65e-04	31.2
A1S_0451	MPN_RS03125	26.437	87	64	0	169	255	80	166	7.13e-05	38.1
A1S_0455	MPN_RS03455	44.444	153	83	2	1	152	1	152	2.03e-45	142
A1S_0457	MPN_RS01805	29.193	161	100	3	13	169	7	157	6.59e-18	71.6
A1S_0457	MPN_RS01655	27.132	129	78	3	13	135	7	125	7.39e-12	57.4
A1S_0458	MPN_RS01800	54.333	300	104	3	1	280	1	287	8.88e-114	324
A1S_0460	MPN_RS01255	26.705	176	95	6	9	153	12	184	1.06e-05	40.8
A1S_0475	MPN_RS01855	24.000	425	282	12	15	410	18	430	2.69e-28	111
A1S_0477	MPN_RS03790	39.744	78	41	3	114	191	264	335	4.80e-06	43.5
A1S_0481	MPN_RS02425	36.562	320	179	9	397	706	12	317	9.88e-51	174
A1S_0482	MPN_RS03070	34.596	396	239	11	3	388	4	389	5.37e-67	213
A1S_0503	MPN_RS00235	32.319	427	263	9	1	420	1	408	2.02e-57	189
A1S_0506	MPN_RS02715	32.192	438	285	5	5	433	4	438	2.26e-79	249
A1S_0506	MPN_RS00040	39.362	94	54	1	177	270	218	308	4.48e-14	68.6
A1S_0506	MPN_RS00040	34.167	120	77	1	5	124	220	337	5.90e-14	68.2
A1S_0506	MPN_RS03710	36.842	76	44	2	177	252	118	189	9.84e-09	50.8
A1S_0506	MPN_RS03710	35.714	56	33	1	5	60	120	172	8.14e-05	38.9
A1S_0506	MPN_RS02745	24.324	148	98	4	159	305	12	146	2.10e-07	46.2
A1S_0506	MPN_RS02745	23.699	173	114	6	5	165	23	189	7.70e-07	44.3
A1S_0506	MPN_RS03255	25.000	124	87	3	5	123	6	128	1.44e-05	41.2
A1S_0506	MPN_RS03230	27.907	129	76	6	5	121	162	285	4.04e-05	40.4
A1S_0506	MPN_RS00885	23.415	205	136	7	156	354	102	291	5.22e-04	37.0
A1S_0508	MPN_RS01650	41.860	43	24	1	160	202	161	202	5.59e-04	35.0
A1S_0513	MPN_RS00155	30.097	103	57	4	1	93	1	98	5.94e-05	38.1
A1S_0520	MPN_RS02195	30.864	81	53	3	8	88	4	81	8.53e-05	39.3
A1S_0531	MPN_RS01380	28.931	318	170	15	36	343	7	278	3.24e-22	89.7
A1S_0531	MPN_RS02715	32.593	135	67	7	168	283	112	241	4.19e-05	39.7
A1S_0536	MPN_RS00440	39.004	241	136	4	3	238	228	462	3.86e-43	156
A1S_0536	MPN_RS03855	38.889	216	125	3	25	238	71	281	1.25e-39	142
A1S_0536	MPN_RS03845	39.336	211	120	4	23	228	130	337	1.07e-37	138
A1S_0536	MPN_RS01080	33.043	230	139	8	6	225	16	240	1.09e-27	108
A1S_0536	MPN_RS01075	29.612	206	138	4	21	224	20	220	1.89e-23	95.5
A1S_0536	MPN_RS02365	27.511	229	150	6	25	241	20	244	1.26e-20	86.7
A1S_0536	MPN_RS00110	29.756	205	133	5	25	224	412	610	1.66e-19	87.4
A1S_0536	MPN_RS01425	26.496	234	141	7	1	213	1	224	6.11e-19	85.1
A1S_0536	MPN_RS01425	22.613	199	125	6	27	206	346	534	2.86e-06	44.7
A1S_0536	MPN_RS03465	30.769	221	122	8	3	206	79	285	9.91e-17	76.6
A1S_0536	MPN_RS01220	25.984	254	140	8	6	211	21	274	6.35e-15	72.0
A1S_0536	MPN_RS00305	30.137	146	96	3	82	225	288	429	5.62e-14	69.3
A1S_0536	MPN_RS00305	30.400	125	76	3	1	123	1	116	5.17e-12	63.2
A1S_0536	MPN_RS01870	23.810	231	156	4	1	224	1	218	5.68e-14	68.2
A1S_0536	MPN_RS02445	27.103	214	148	7	24	232	117	327	2.72e-12	63.5
A1S_0536	MPN_RS01225	27.184	206	121	7	24	225	588	768	6.86e-12	63.2
A1S_0536	MPN_RS01225	35.938	64	41	0	6	69	11	74	9.47e-05	40.0
A1S_0536	MPN_RS00775	32.117	137	89	4	77	209	291	427	2.31e-11	61.2
A1S_0536	MPN_RS00775	35.780	109	60	4	4	112	10	108	9.03e-11	59.3
A1S_0536	MPN_RS00105	27.570	214	134	5	25	223	382	589	3.14e-11	60.8
A1S_0536	MPN_RS02450	27.149	221	151	4	6	225	1	212	9.46e-11	57.8
A1S_0536	MPN_RS03270	24.725	182	119	5	39	219	490	654	7.56e-06	43.5
A1S_0536	MPN_RS03520	26.733	101	63	3	147	238	836	934	2.36e-05	42.0
A1S_0536	MPN_RS03520	32.099	81	47	3	143	218	491	568	4.68e-04	37.7
A1S_0541	MPN_RS02160	29.876	241	146	6	1	238	570	790	3.26e-28	107
A1S_0541	MPN_RS02740	24.599	187	123	7	1	172	515	698	1.10e-10	55.8
A1S_0542	MPN_RS02160	38.636	484	258	10	1	475	37	490	2.12e-96	303
A1S_0542	MPN_RS02980	23.120	532	291	18	3	472	57	532	3.37e-19	85.5
A1S_0542	MPN_RS02740	28.378	148	90	2	3	134	46	193	6.13e-12	62.4
A1S_0542	MPN_RS02740	31.373	102	65	2	232	329	203	303	1.11e-07	48.9
A1S_0542	MPN_RS00130	30.769	117	75	2	4	120	12	122	8.87e-09	52.0
A1S_0554	MPN_RS01270	28.846	468	306	9	15	462	11	471	8.13e-55	191
A1S_0554	MPN_RS01540	30.435	138	85	2	15	148	7	137	5.32e-17	78.6
A1S_0554	MPN_RS00885	27.041	196	102	7	19	200	126	294	4.48e-11	59.7
A1S_0554	MPN_RS03755	25.658	152	96	4	20	164	18	159	1.38e-07	48.1
A1S_0557	MPN_RS00045	34.615	130	76	3	96	220	93	218	1.66e-14	66.6
A1S_0579	MPN_RS02230	28.239	301	206	3	83	381	73	365	8.94e-36	139
A1S_0587	MPN_RS00410	28.682	129	76	5	152	276	85	201	5.52e-05	38.9
A1S_0589	MPN_RS00280	29.268	82	57	1	1	81	1	82	1.62e-07	40.0
A1S_0592	MPN_RS03175	28.699	561	384	9	78	628	7	561	2.59e-84	270
A1S_0593	MPN_RS00655	28.448	116	74	3	1	111	90	201	9.55e-09	45.8
A1S_0597	MPN_RS00665	46.018	113	61	0	3	115	2	114	1.83e-31	103
A1S_0601	MPN_RS00600	38.645	251	138	4	92	326	90	340	3.04e-59	189
A1S_0602	MPN_RS00605	24.618	589	395	16	16	573	18	588	1.80e-37	145
A1S_0602	MPN_RS03745	39.823	113	62	3	34	144	99	207	1.22e-18	80.9
A1S_0606	MPN_RS01450	31.522	92	62	1	15	106	12	102	5.39e-17	65.5
A1S_0609	MPN_RS01245	26.437	174	111	6	2	166	15	180	1.48e-07	47.4
A1S_0612	MPN_RS02135	34.496	258	160	3	1	249	1	258	7.20e-39	141
A1S_0617	MPN_RS03770	30.882	136	90	3	6	139	3	136	2.69e-19	73.9
A1S_3518	MPN_RS01200	29.070	86	57	2	199	283	145	227	6.44e-04	36.6
A1S_0637	MPN_RS03095	27.638	199	129	8	24	219	31	217	7.73e-08	48.5
A1S_0639	MPN_RS03870	22.302	278	186	10	13	278	2	261	2.28e-10	54.7
A1S_0651	MPN_RS01440	27.435	729	413	28	3	648	4	699	5.13e-59	207
A1S_0699	MPN_RS00325	27.103	107	67	2	3	98	7	113	4.13e-06	41.2
A1S_0705	MPN_RS01390	32.796	186	104	7	23	201	26	197	1.69e-21	84.0
A1S_0706	MPN_RS02155	24.211	285	187	10	3	267	5	280	1.74e-09	52.0
A1S_0706	MPN_RS02420	22.764	246	152	10	8	227	15	248	3.04e-06	42.4
A1S_0706	MPN_RS01455	23.171	82	63	0	184	265	194	275	8.77e-04	34.7
A1S_0719	MPN_RS03235	26.786	168	106	7	69	220	56	222	4.44e-05	39.7
A1S_0746	MPN_RS01810	22.426	272	174	12	128	390	49	292	6.38e-05	39.3
A1S_0747	MPN_RS01820	26.144	612	382	13	292	874	127	697	1.07e-61	218
A1S_0765	MPN_RS00180	40.000	205	122	1	3	207	2	205	1.68e-51	160
A1S_0772	MPN_RS01535	57.143	35	15	0	7	41	16	50	2.29e-06	43.9
A1S_0772	MPN_RS02520	32.394	71	37	2	220	290	773	832	9.81e-05	38.9
A1S_0778	MPN_RS00130	23.956	551	363	17	1	534	1	512	7.18e-37	139
A1S_0778	MPN_RS02980	40.000	45	27	0	11	55	57	101	4.52e-05	41.2
A1S_0797	MPN_RS02415	33.180	434	263	9	3	423	4	423	2.17e-50	188
A1S_0797	MPN_RS02415	27.475	404	263	6	769	1143	573	975	1.36e-41	160
A1S_0799	MPN_RS01995	37.331	667	392	11	7	663	4	654	3.59e-147	438
A1S_0804	MPN_RS01455	34.483	58	38	0	176	233	189	246	0.001	34.7
A1S_0811	MPN_RS01660	34.815	135	85	3	50	183	56	188	3.37e-21	82.0
A1S_0812	MPN_RS01655	24.436	266	168	9	13	250	151	411	6.71e-09	50.4
A1S_0816	MPN_RS03110	56.250	48	21	0	1	48	1	48	3.02e-13	53.1
A1S_0826	MPN_RS01240	27.778	90	63	2	4	91	99	188	2.85e-09	46.6
A1S_0827	MPN_RS01240	46.875	32	17	0	1	32	10	41	6.38e-07	38.1
A1S_0829	MPN_RS00400	41.772	316	176	5	3	313	65	377	1.75e-84	255
A1S_0838	MPN_RS01975	37.795	127	73	3	73	195	209	333	4.23e-17	78.2
A1S_0838	MPN_RS00395	32.292	96	57	4	127	220	6	95	2.88e-04	36.6
A1S_0839	MPN_RS01975	39.286	56	34	0	1	56	25	80	5.89e-12	57.4
A1S_0841	MPN_RS01615	33.754	317	174	11	49	350	10	305	7.57e-38	132
A1S_0841	MPN_RS03150	23.875	289	184	6	51	317	16	290	1.91e-18	79.7
A1S_0866	MPN_RS01260	74.227	97	25	0	27	123	40	136	6.12e-51	153
A1S_0867	MPN_RS01265	46.259	147	79	0	10	156	9	155	1.00e-50	154
A1S_0868	MPN_RS01270	55.429	700	297	5	1	700	1	685	0.0	789
A1S_0868	MPN_RS01540	32.961	179	110	5	9	186	5	174	2.65e-19	86.7
A1S_0868	MPN_RS01540	25.316	237	139	9	268	491	163	374	3.78e-13	67.0
A1S_0868	MPN_RS01540	19.890	181	127	5	514	687	308	477	7.28e-06	43.5
A1S_0868	MPN_RS03755	33.094	139	75	5	12	145	14	139	1.97e-10	57.8
A1S_0868	MPN_RS00885	28.082	146	81	2	13	158	124	245	1.89e-08	52.0
A1S_0869	MPN_RS03755	67.632	380	121	1	1	380	15	392	0.0	532
A1S_0869	MPN_RS01270	33.858	127	81	3	1	125	13	138	1.31e-11	60.5
A1S_0869	MPN_RS00885	31.677	161	88	5	4	162	127	267	1.61e-10	57.0
A1S_0869	MPN_RS01540	29.545	132	83	5	1	126	9	136	1.13e-09	54.3
A1S_0875	MPN_RS01335	34.828	290	170	8	23	306	33	309	8.88e-41	139
A1S_0875	MPN_RS02195	50.000	34	17	0	8	41	5	38	5.52e-04	35.8
A1S_0880	MPN_RS03870	23.497	183	114	7	4	165	2	179	4.39e-04	35.4
A1S_0885	MPN_RS01900	36.275	306	170	7	6	298	3	296	3.34e-44	161
A1S_0885	MPN_RS01900	40.404	99	50	3	556	648	372	467	5.33e-12	63.2
A1S_0885	MPN_RS01905	30.000	410	250	11	4	389	6	402	2.83e-43	161
A1S_0885	MPN_RS01905	37.624	101	53	5	545	639	525	621	3.72e-09	54.3
A1S_0887	MPN_RS00365	22.857	350	218	18	6	313	39	378	1.24e-06	45.4
A1S_0937	MPN_RS01855	33.766	77	42	3	34	109	182	250	3.17e-05	36.2
A1S_0939	MPN_RS00155	22.609	115	84	3	56	166	8	121	5.67e-06	42.4
A1S_0939	MPN_RS02755	25.472	106	74	4	55	156	5	109	6.34e-05	39.3
A1S_0954	MPN_RS02700	20.968	248	178	8	24	263	14	251	5.42e-08	47.4
A1S_0961	MPN_RS01360	29.915	117	72	4	48	160	83	193	7.21e-11	53.5
A1S_0969	MPN_RS00445	30.924	249	146	10	34	266	21	259	3.70e-24	96.7
A1S_0970	MPN_RS00445	26.241	141	100	2	135	271	454	594	7.37e-07	45.1
A1S_0970	MPN_RS02205	27.473	91	62	2	198	286	192	280	2.28e-06	43.1
A1S_0985	MPN_RS02310	29.221	154	83	8	9	152	542	679	6.18e-07	43.5
A1S_0986	MPN_RS03855	36.946	203	119	2	24	224	71	266	1.87e-44	145
A1S_0986	MPN_RS00440	36.232	207	129	1	24	230	250	453	4.12e-41	140
A1S_0986	MPN_RS03845	35.714	210	126	2	18	224	126	329	7.69e-39	132
A1S_0986	MPN_RS01075	30.093	216	138	7	13	224	13	219	7.71e-27	99.4
A1S_0986	MPN_RS02365	28.879	232	120	5	1	210	1	209	3.54e-22	86.3
A1S_0986	MPN_RS01080	30.890	191	123	5	20	205	32	218	1.12e-21	86.3
A1S_0986	MPN_RS01425	28.643	199	116	4	27	208	25	214	8.75e-20	82.4
A1S_0986	MPN_RS01425	22.280	193	133	5	26	206	346	533	1.44e-06	43.1
A1S_0986	MPN_RS00105	28.378	222	136	6	18	224	376	589	9.21e-20	82.4
A1S_0986	MPN_RS03465	31.683	202	102	8	24	205	98	283	1.72e-18	77.8
A1S_0986	MPN_RS00305	40.217	92	54	1	134	224	336	427	1.37e-15	70.1
A1S_0986	MPN_RS00305	30.435	92	58	1	22	113	20	105	4.53e-09	50.8
A1S_0986	MPN_RS01225	35.644	101	63	2	126	224	666	766	1.52e-14	67.0
A1S_0986	MPN_RS01225	29.915	117	77	3	4	116	10	125	1.51e-07	46.2
A1S_0986	MPN_RS02450	27.941	204	131	4	25	224	19	210	1.58e-14	65.9
A1S_0986	MPN_RS00775	35.644	101	59	1	25	125	28	122	7.91e-14	64.7
A1S_0986	MPN_RS00775	31.818	110	71	1	101	210	322	427	6.40e-13	62.0
A1S_0986	MPN_RS01870	23.077	182	132	2	24	205	24	197	1.25e-13	63.9
A1S_0986	MPN_RS01220	26.210	248	134	9	25	224	41	287	3.75e-13	62.8
A1S_0986	MPN_RS02445	31.414	191	115	10	24	206	118	300	4.29e-13	62.4
A1S_0986	MPN_RS00110	25.118	211	135	8	24	224	412	609	9.94e-12	58.5
A1S_0986	MPN_RS03520	59.259	27	11	0	25	51	21	47	7.27e-04	35.0
A1S_0993	MPN_RS00125	26.207	145	82	5	17	160	7	127	1.25e-04	37.7
A1S_0994	MPN_RS02215	26.250	160	107	6	132	286	156	309	4.48e-09	52.4
A1S_0998	MPN_RS01530	42.685	499	258	8	17	505	6	486	1.11e-132	389
A1S_0998	MPN_RS00240	28.627	255	147	10	69	308	19	253	1.28e-14	70.9
A1S_0998	MPN_RS00240	28.889	90	56	2	413	502	445	526	2.78e-08	50.8
A1S_0998	MPN_RS01395	20.563	462	298	16	75	502	21	447	4.13e-08	50.1
A1S_1001	MPN_RS03755	28.065	310	183	10	29	327	17	297	2.49e-24	99.8
A1S_1001	MPN_RS01270	31.210	157	89	4	23	176	6	146	3.56e-11	60.1
A1S_1001	MPN_RS01540	28.402	169	94	4	20	180	2	151	6.55e-11	59.3
A1S_1001	MPN_RS00885	35.366	82	49	3	89	168	153	232	4.20e-06	43.9
A1S_1005	MPN_RS00905	21.756	262	186	4	102	358	102	349	5.33e-15	71.2
A1S_1023	MPN_RS01035	31.492	181	120	3	2	179	4	183	5.13e-24	90.1
A1S_1030	MPN_RS01860	48.033	483	248	2	6	487	309	789	9.64e-160	469
A1S_1031	MPN_RS01860	22.979	235	151	8	5	212	25	256	1.69e-04	36.6
A1S_1034	MPN_RS01950	31.429	70	46	1	118	187	97	164	4.34e-08	45.8
A1S_1039	MPN_RS02685	27.843	255	155	6	171	424	124	350	2.07e-20	87.0
A1S_1039	MPN_RS01040	22.182	275	161	12	172	421	1	247	5.69e-05	39.3
A1S_1048	MPN_RS00390	30.973	226	141	5	7	218	6	230	2.59e-22	88.6
A1S_1054	MPN_RS00185	27.624	181	124	6	254	431	391	567	2.42e-09	54.3
A1S_1057	MPN_RS01210	23.448	290	206	7	65	349	24	302	6.27e-17	75.9
A1S_1058	MPN_RS01215	27.876	226	148	7	120	335	152	372	1.05e-12	62.8
A1S_1059	MPN_RS01220	27.679	112	75	4	1	107	21	131	1.42e-08	46.6
A1S_1059	MPN_RS00440	28.723	94	64	1	16	109	250	340	1.10e-07	44.3
A1S_1059	MPN_RS01225	26.667	105	69	3	17	118	31	130	5.37e-07	42.4
A1S_1059	MPN_RS03465	32.632	95	55	5	1	90	82	172	1.75e-06	40.4
A1S_1059	MPN_RS00110	32.927	82	46	4	11	91	407	480	4.05e-06	39.7
A1S_1059	MPN_RS00775	24.060	133	87	5	2	133	13	132	5.14e-06	39.3
A1S_1059	MPN_RS02450	31.959	97	53	3	1	95	1	86	9.81e-06	38.5
A1S_1059	MPN_RS03855	26.923	78	54	2	13	90	68	142	1.85e-04	34.7
A1S_1059	MPN_RS00105	27.848	79	50	2	12	90	378	449	5.93e-04	33.5
A1S_1060	MPN_RS01225	36.000	50	32	0	1	50	739	788	2.65e-09	50.1
A1S_1060	MPN_RS01225	33.333	69	38	2	66	133	11	72	5.08e-08	46.2
A1S_1060	MPN_RS01220	34.000	50	33	0	1	50	260	309	6.46e-08	45.8
A1S_1060	MPN_RS01220	28.571	84	49	3	66	145	21	97	1.35e-06	42.0
A1S_1060	MPN_RS01075	38.000	50	30	1	93	141	25	74	1.73e-05	38.5
A1S_1060	MPN_RS01075	29.508	61	39	2	2	62	194	250	4.82e-04	34.3
A1S_1060	MPN_RS03465	40.000	40	24	0	2	41	277	316	4.91e-05	37.0
A1S_1060	MPN_RS03465	30.189	53	31	1	95	141	101	153	3.29e-04	34.7
A1S_1060	MPN_RS02450	32.258	93	50	3	66	157	1	81	6.62e-05	36.6
A1S_1060	MPN_RS02365	33.333	81	45	3	93	164	21	101	1.06e-04	35.8
A1S_1060	MPN_RS03855	25.714	105	60	2	50	136	11	115	1.37e-04	35.8
A1S_1060	MPN_RS00775	30.357	56	38	1	88	142	23	78	3.75e-04	34.7
A1S_1060	MPN_RS03520	35.938	64	37	2	74	136	1	61	3.83e-04	34.7
A1S_1060	MPN_RS01080	36.585	41	26	0	2	42	212	252	4.00e-04	34.3
A1S_1060	MPN_RS02445	36.842	38	24	0	3	40	294	331	4.06e-04	34.3
A1S_1060	MPN_RS00105	35.849	53	33	1	93	144	383	435	7.18e-04	33.9
A1S_1061	MPN_RS01225	45.455	110	60	0	12	121	682	791	1.87e-31	111
A1S_1061	MPN_RS00305	35.088	114	74	0	8	121	339	452	7.52e-25	92.8
A1S_1061	MPN_RS01220	36.134	119	76	0	2	120	193	311	6.11e-22	84.3
A1S_1061	MPN_RS00775	32.110	109	74	0	12	120	358	466	5.22e-19	76.3
A1S_1061	MPN_RS03465	33.028	109	71	1	12	120	221	327	4.41e-18	72.8
A1S_1061	MPN_RS03845	33.721	86	56	1	12	97	246	330	4.59e-18	73.2
A1S_1061	MPN_RS01080	33.962	106	68	2	3	107	146	250	5.29e-16	67.0
A1S_1061	MPN_RS01075	35.714	98	59	3	12	108	137	231	1.71e-14	62.8
A1S_1061	MPN_RS02445	33.684	95	61	1	13	107	238	330	1.80e-13	60.1
A1S_1061	MPN_RS03855	32.632	95	59	2	17	111	188	277	2.15e-13	59.7
A1S_1061	MPN_RS00440	33.333	90	59	1	11	100	363	451	9.64e-13	58.2
A1S_1061	MPN_RS02365	28.090	89	64	0	17	105	145	233	2.10e-12	56.6
A1S_1061	MPN_RS01870	30.693	101	62	1	8	108	129	221	5.19e-12	55.8
A1S_1061	MPN_RS00105	46.296	54	22	1	8	54	497	550	9.92e-11	52.4
A1S_1061	MPN_RS01425	28.916	83	58	1	12	94	148	229	7.88e-09	47.0
A1S_1061	MPN_RS00110	32.955	88	56	2	18	105	534	618	9.67e-09	47.0
A1S_1061	MPN_RS02450	31.746	63	43	0	17	79	132	194	3.01e-06	39.7
A1S_1061	MPN_RS03520	27.027	111	70	4	18	119	836	944	4.14e-06	39.3
A1S_1065	MPN_RS00185	24.468	188	107	7	24	203	409	569	2.23e-08	48.5
A1S_1075	MPN_RS00270	48.889	45	23	0	3	47	4	48	7.06e-07	45.4
A1S_1078	MPN_RS02700	28.283	99	63	3	68	159	25	122	1.90e-05	39.7
A1S_1084	MPN_RS00270	26.432	227	139	11	74	288	5	215	4.60e-05	40.0
A1S_1094	MPN_RS01790	24.022	179	117	5	315	475	305	482	5.23e-04	37.0
A1S_1103	MPN_RS01330	32.877	73	48	1	5	76	2	74	6.98e-04	34.3
A1S_1173	MPN_RS03095	23.529	306	194	12	19	309	31	311	6.61e-10	55.1
A1S_1176	MPN_RS02380	30.455	857	518	22	2	824	4	816	1.86e-111	358
A1S_1177	MPN_RS02435	41.194	335	178	6	3	333	9	328	1.20e-80	244
A1S_1186	MPN_RS03060	52.471	688	313	4	153	834	10	689	0.0	728
A1S_1187	MPN_RS01405	27.632	152	99	6	6	151	3	149	1.02e-09	49.3
A1S_1190	MPN_RS01725	31.847	157	99	5	53	209	5	153	6.35e-11	57.0
A1S_1196	MPN_RS02990	29.534	193	122	4	58	237	18	209	2.66e-16	70.1
A1S_1200	MPN_RS01335	30.651	261	175	3	6	266	59	313	1.64e-34	122
A1S_1200	MPN_RS02195	27.368	190	117	7	62	241	125	303	3.88e-06	42.4
A1S_1217	MPN_RS01180	26.957	575	326	19	283	775	93	655	1.25e-39	152
A1S_1235	MPN_RS01990	31.757	444	276	6	18	459	19	437	1.96e-76	241
A1S_1240	MPN_RS01870	26.009	223	156	4	13	231	9	226	5.51e-26	98.6
A1S_1240	MPN_RS03465	27.016	248	158	9	1	232	73	313	3.91e-20	82.8
A1S_1240	MPN_RS03845	28.293	205	137	6	25	224	132	331	1.78e-19	80.9
A1S_1240	MPN_RS01075	24.138	232	171	5	19	248	18	246	2.36e-19	79.7
A1S_1240	MPN_RS01080	23.695	249	172	7	1	235	7	251	8.71e-19	78.6
A1S_1240	MPN_RS00440	26.946	167	114	3	14	176	239	401	2.82e-17	75.5
A1S_1240	MPN_RS02365	19.917	241	179	5	11	241	6	242	9.92e-16	69.3
A1S_1240	MPN_RS00110	28.634	227	132	8	25	239	412	620	1.40e-15	70.5
A1S_1240	MPN_RS00105	27.273	176	110	4	19	179	376	548	2.28e-15	69.7
A1S_1240	MPN_RS00305	26.230	122	89	1	114	234	318	439	5.52e-14	65.9
A1S_1240	MPN_RS00305	32.099	81	52	1	26	106	23	100	1.32e-11	58.5
A1S_1240	MPN_RS03855	22.120	217	135	5	25	225	71	269	2.21e-13	63.2
A1S_1240	MPN_RS01425	23.721	215	148	5	28	229	25	236	2.95e-13	63.5
A1S_1240	MPN_RS01425	19.383	227	171	4	27	242	346	571	1.71e-09	52.4
A1S_1240	MPN_RS01220	21.622	259	153	8	26	234	41	299	1.31e-12	61.6
A1S_1240	MPN_RS02445	25.439	228	152	8	25	241	118	338	4.14e-12	59.7
A1S_1240	MPN_RS01225	28.571	119	74	2	125	232	658	776	1.84e-10	55.5
A1S_1240	MPN_RS00775	29.245	106	74	1	127	231	346	451	1.09e-09	52.8
A1S_1240	MPN_RS00775	22.857	105	78	1	3	107	5	106	5.61e-09	50.8
A1S_1240	MPN_RS02450	22.596	208	152	5	26	231	19	219	2.06e-09	51.2
A1S_1240	MPN_RS03520	31.298	131	71	6	124	241	814	938	4.75e-08	48.1
A1S_1240	MPN_RS03520	25.466	161	89	8	97	234	439	591	3.72e-05	39.3
A1S_1242	MPN_RS00110	26.667	330	228	5	379	699	298	622	8.07e-35	135
A1S_1242	MPN_RS00105	28.571	294	186	6	436	711	331	618	7.30e-27	110
A1S_1242	MPN_RS03855	29.167	216	129	7	495	698	77	280	1.19e-20	87.8
A1S_1242	MPN_RS00440	33.168	202	115	8	495	686	256	447	2.40e-20	89.4
A1S_1242	MPN_RS01075	26.160	237	158	7	474	704	12	237	2.76e-19	83.6
A1S_1242	MPN_RS03465	27.059	255	154	9	472	708	83	323	3.41e-18	81.3
A1S_1242	MPN_RS01080	29.064	203	129	8	504	696	51	248	1.39e-16	75.9
A1S_1242	MPN_RS02365	25.751	233	144	7	488	702	19	240	1.78e-16	74.3
A1S_1242	MPN_RS03845	29.630	216	135	7	484	689	124	332	7.52e-15	71.2
A1S_1242	MPN_RS01870	27.570	214	117	8	494	690	29	221	2.68e-13	66.2
A1S_1242	MPN_RS01425	26.531	196	132	7	504	687	37	232	6.81e-11	59.7
A1S_1242	MPN_RS00775	34.259	108	59	5	473	577	14	112	3.53e-10	57.4
A1S_1242	MPN_RS00775	31.250	80	52	1	610	686	363	442	3.54e-07	47.8
A1S_1242	MPN_RS00305	42.529	87	46	3	611	693	349	435	8.56e-10	56.2
A1S_1242	MPN_RS00305	39.241	79	45	2	494	571	27	103	3.12e-09	54.3
A1S_1242	MPN_RS01225	34.831	89	55	1	611	696	688	776	5.92e-09	53.9
A1S_1242	MPN_RS02450	25.909	220	141	7	476	687	6	211	6.60e-09	52.4
A1S_1242	MPN_RS02445	25.490	204	130	7	497	687	126	320	2.60e-08	51.2
A1S_1242	MPN_RS03270	27.338	139	85	1	503	641	490	612	2.10e-06	45.4
A1S_1242	MPN_RS01220	18.145	248	149	4	495	690	46	291	4.86e-05	40.8
A1S_3643	MPN_RS00675	46.774	62	33	0	6	67	7	68	3.22e-11	59.3
A1S_3643	MPN_RS00120	41.176	68	34	1	6	67	7	74	1.07e-10	57.0
A1S_3643	MPN_RS00010	32.727	110	55	4	8	112	4	99	1.40e-06	44.3
A1S_1274	MPN_RS03235	27.224	371	217	13	25	386	24	350	2.79e-24	97.4
A1S_1283	MPN_RS01320	29.176	425	255	11	58	438	53	475	1.61e-38	143
A1S_1285	MPN_RS00440	34.583	240	130	7	21	240	231	463	3.89e-37	132
A1S_1285	MPN_RS03845	29.583	240	135	7	27	246	114	339	6.68e-28	105
A1S_1285	MPN_RS01075	27.126	247	159	7	35	264	19	261	5.68e-27	101
A1S_1285	MPN_RS00305	49.000	100	49	1	137	236	333	430	1.85e-25	100
A1S_1285	MPN_RS00305	37.624	101	57	3	21	118	6	103	3.45e-14	67.4
A1S_1285	MPN_RS01080	31.674	221	133	7	21	226	16	233	3.50e-24	94.7
A1S_1285	MPN_RS03855	30.769	221	130	5	23	226	47	261	1.42e-23	92.4
A1S_1285	MPN_RS03465	31.429	210	118	7	35	224	93	296	8.10e-22	88.6
A1S_1285	MPN_RS02365	26.108	203	133	2	40	227	20	220	1.69e-20	83.2
A1S_1285	MPN_RS00105	30.964	197	112	6	22	197	365	558	1.73e-20	86.3
A1S_1285	MPN_RS00775	38.211	123	69	2	133	255	344	459	6.25e-20	84.3
A1S_1285	MPN_RS00775	41.667	84	46	1	37	117	24	107	8.52e-17	75.1
A1S_1285	MPN_RS01870	25.463	216	154	5	21	233	6	217	1.65e-16	73.2
A1S_1285	MPN_RS01225	34.409	93	60	1	135	226	669	761	6.69e-16	72.8
A1S_1285	MPN_RS01225	31.579	76	52	0	21	96	11	86	2.46e-06	43.1
A1S_1285	MPN_RS01220	30.968	155	96	5	110	254	161	314	2.65e-14	67.4
A1S_1285	MPN_RS02450	24.257	202	142	3	31	226	9	205	2.03e-13	63.9
A1S_1285	MPN_RS00110	23.832	214	146	7	34	236	405	612	5.65e-12	60.5
A1S_1285	MPN_RS02445	27.803	223	143	7	30	239	108	325	2.08e-10	55.5
A1S_1285	MPN_RS01425	21.930	228	156	5	19	227	3	227	2.10e-10	55.8
A1S_1285	MPN_RS01425	23.043	230	139	8	34	236	337	555	6.71e-08	48.1
A1S_1286	MPN_RS00315	23.810	63	48	0	24	86	162	224	0.001	32.7
A1S_1307	MPN_RS03060	37.535	706	394	11	171	848	1	687	9.60e-151	456
A1S_1307	MPN_RS01860	32.283	127	62	7	572	695	351	456	3.10e-05	42.0
A1S_1326	MPN_RS00270	24.623	199	116	8	4	182	5	189	4.88e-05	39.3
A1S_1333	MPN_RS01735	24.068	295	171	11	3	253	2	287	3.88e-06	43.9
A1S_1354	MPN_RS02735	26.540	211	124	6	1	197	1	194	5.62e-13	59.7
A1S_1360	MPN_RS00305	46.512	86	45	1	40	124	6	91	5.15e-20	79.3
A1S_1360	MPN_RS00775	44.186	86	48	0	35	120	7	92	1.72e-17	72.0
A1S_1360	MPN_RS00440	34.951	103	49	2	23	119	230	320	2.07e-12	57.4
A1S_1360	MPN_RS03855	39.706	68	35	1	58	119	74	141	5.34e-09	47.4
A1S_1360	MPN_RS03845	33.333	96	47	3	43	123	111	204	2.24e-08	45.8
A1S_1360	MPN_RS00105	33.333	66	42	1	56	119	383	448	1.07e-07	43.9
A1S_1360	MPN_RS01075	31.343	67	44	1	56	120	25	91	4.26e-07	42.0
A1S_1360	MPN_RS00110	33.333	66	42	1	56	119	413	478	7.00e-07	41.6
A1S_1360	MPN_RS03465	32.143	84	40	3	54	124	97	176	4.22e-06	39.3
A1S_1360	MPN_RS01425	37.705	61	37	1	59	118	348	408	3.81e-05	36.6
A1S_1360	MPN_RS01425	38.636	44	27	0	54	97	21	64	1.35e-04	35.0
A1S_1360	MPN_RS01225	37.778	45	28	0	53	97	28	72	1.63e-04	34.7
A1S_1360	MPN_RS01870	34.000	50	30	1	40	86	6	55	1.70e-04	34.7
A1S_1360	MPN_RS02365	36.957	46	29	0	56	101	21	66	4.90e-04	33.1
A1S_1360	MPN_RS02450	29.231	65	44	1	55	119	18	80	6.42e-04	32.7
A1S_1361	MPN_RS00305	32.192	146	91	3	1	144	404	543	3.64e-17	72.8
A1S_1361	MPN_RS00775	34.104	173	90	10	2	168	420	574	3.18e-15	67.4
A1S_1362	MPN_RS00315	25.221	226	155	5	68	290	70	284	8.39e-08	48.5
A1S_1362	MPN_RS00315	24.312	218	151	7	357	567	76	286	3.80e-04	37.4
A1S_1363	MPN_RS00270	22.477	218	151	6	7	212	5	216	3.85e-09	52.4
A1S_1398	MPN_RS01075	32.735	223	145	4	5	226	11	229	2.03e-39	132
A1S_1398	MPN_RS03465	30.172	232	149	6	17	238	97	325	2.55e-37	129
A1S_1398	MPN_RS00440	38.095	210	122	7	18	223	250	455	3.11e-33	120
A1S_1398	MPN_RS01080	32.766	235	145	6	3	226	16	248	8.96e-33	116
A1S_1398	MPN_RS03845	33.333	213	131	5	10	217	124	330	4.59e-32	115
A1S_1398	MPN_RS03855	34.862	218	127	9	18	231	71	277	1.06e-27	102
A1S_1398	MPN_RS02365	29.130	230	150	6	2	221	4	230	3.97e-26	97.4
A1S_1398	MPN_RS01225	41.441	111	63	2	121	229	669	779	1.51e-23	94.0
A1S_1398	MPN_RS01225	31.395	86	54	2	19	101	31	114	1.18e-07	46.6
A1S_1398	MPN_RS02445	29.767	215	144	5	18	227	118	330	2.12e-21	86.7
A1S_1398	MPN_RS00110	29.730	222	141	7	14	228	408	621	7.44e-21	85.9
A1S_1398	MPN_RS00305	35.156	128	82	1	112	238	322	449	1.87e-20	84.7
A1S_1398	MPN_RS00305	37.255	102	59	2	3	103	6	103	9.21e-17	73.9
A1S_1398	MPN_RS01425	26.906	223	148	3	6	214	8	229	2.40e-20	84.3
A1S_1398	MPN_RS01425	22.273	220	139	6	20	218	346	554	1.16e-09	52.8
A1S_1398	MPN_RS00105	30.137	219	122	9	18	216	382	589	2.85e-18	78.2
A1S_1398	MPN_RS01870	24.215	223	153	8	2	217	5	218	4.28e-18	76.6
A1S_1398	MPN_RS00775	39.604	101	56	2	13	113	22	117	3.03e-17	75.1
A1S_1398	MPN_RS00775	34.400	125	77	2	115	238	344	464	1.49e-16	73.2
A1S_1398	MPN_RS02450	26.761	213	144	5	19	228	19	222	1.19e-14	66.6
A1S_1398	MPN_RS01220	30.088	113	75	3	121	229	188	300	2.05e-12	60.8
A1S_1398	MPN_RS01220	40.000	55	29	2	3	53	21	75	1.07e-04	37.4
A1S_1398	MPN_RS03270	28.090	178	111	6	32	208	490	651	1.16e-06	43.5
A1S_1398	MPN_RS01365	58.333	24	10	0	26	49	2	25	6.00e-05	37.4
A1S_1398	MPN_RS03520	27.869	122	74	5	121	231	476	594	7.98e-04	35.0
A1S_1403	MPN_RS02775	28.205	156	102	5	7	158	251	400	4.63e-09	48.9
A1S_1405	MPN_RS02775	32.773	119	72	3	254	369	27	140	1.43e-09	53.9
A1S_1443	MPN_RS03845	32.877	219	129	6	7	214	119	330	1.78e-28	106
A1S_1443	MPN_RS00440	40.957	188	88	8	20	192	250	429	2.23e-27	104
A1S_1443	MPN_RS01075	27.000	200	137	4	13	205	17	214	7.30e-23	89.7
A1S_1443	MPN_RS00305	45.283	106	58	0	102	207	318	423	1.24e-22	91.7
A1S_1443	MPN_RS00305	43.750	96	51	2	21	113	23	118	9.75e-17	74.3
A1S_1443	MPN_RS02365	28.358	201	127	3	19	204	19	217	5.59e-22	86.7
A1S_1443	MPN_RS03855	30.263	228	134	7	5	214	47	267	1.52e-21	86.3
A1S_1443	MPN_RS01080	28.436	211	132	8	20	216	36	241	1.02e-18	79.0
A1S_1443	MPN_RS03465	27.155	232	144	11	2	215	81	305	1.55e-18	78.6
A1S_1443	MPN_RS02450	24.675	231	165	4	3	225	1	230	1.88e-18	77.4
A1S_1443	MPN_RS00775	37.748	151	78	6	2	141	11	156	5.27e-17	75.1
A1S_1443	MPN_RS00775	36.893	103	60	2	111	213	345	442	2.52e-13	64.3
A1S_1443	MPN_RS00110	25.481	208	139	6	18	215	410	611	5.84e-16	72.0
A1S_1443	MPN_RS00105	28.729	181	104	6	15	171	377	556	2.01e-15	70.5
A1S_1443	MPN_RS01425	26.250	240	154	7	23	240	25	263	7.20e-15	68.6
A1S_1443	MPN_RS01425	20.866	254	151	8	10	231	335	570	3.93e-05	39.3
A1S_1443	MPN_RS01870	23.853	218	155	6	3	214	6	218	9.65e-14	64.7
A1S_1443	MPN_RS01225	39.286	84	49	1	132	215	687	768	2.65e-12	61.2
A1S_1443	MPN_RS01225	33.735	83	43	2	21	91	31	113	2.58e-07	46.2
A1S_1443	MPN_RS02445	25.862	232	135	9	20	225	118	338	1.96e-11	58.2
A1S_1443	MPN_RS01220	30.973	113	73	2	106	215	179	289	1.70e-08	49.3
A1S_1443	MPN_RS01220	30.357	56	35	2	3	55	21	75	4.08e-04	35.8
A1S_1459	MPN_RS01335	36.486	74	46	1	16	89	97	169	3.17e-08	43.9
A1S_1460	MPN_RS01335	29.524	105	73	1	1	105	210	313	9.04e-10	49.3
A1S_1460	MPN_RS02195	31.111	45	31	0	36	80	259	303	7.08e-04	32.3
A1S_1465	MPN_RS02130	34.760	584	356	9	310	883	266	834	5.42e-107	352
A1S_1465	MPN_RS02130	27.273	99	70	2	3	101	2	98	1.49e-06	47.0
A1S_1465	MPN_RS00185	21.368	819	424	28	180	880	715	1431	9.72e-21	93.6
A1S_1469	MPN_RS03740	43.902	123	68	1	6	127	7	129	1.65e-36	117
A1S_1481	MPN_RS00145	45.143	350	186	4	3	347	2	350	2.60e-99	294
A1S_1481	MPN_RS03230	35.644	101	48	1	4	104	161	244	1.91e-13	65.9
A1S_1482	MPN_RS03470	28.125	96	64	2	59	151	487	580	5.26e-09	49.7
A1S_1482	MPN_RS00315	20.879	182	134	4	4	178	86	264	2.18e-05	38.5
A1S_1483	MPN_RS03465	36.782	261	139	12	9	254	76	325	5.34e-38	134
A1S_1483	MPN_RS03845	32.524	206	135	3	29	233	128	330	3.04e-35	126
A1S_1483	MPN_RS01075	29.832	238	155	5	30	266	21	247	3.06e-30	111
A1S_1483	MPN_RS00440	34.158	202	125	4	34	232	251	447	9.48e-30	114
A1S_1483	MPN_RS01080	29.365	252	157	6	23	256	26	274	1.14e-27	105
A1S_1483	MPN_RS03855	34.000	200	122	4	37	233	75	267	1.12e-25	99.8
A1S_1483	MPN_RS01220	25.347	288	167	6	15	254	22	309	2.56e-24	97.8
A1S_1483	MPN_RS01225	35.772	123	78	1	133	254	666	788	1.01e-23	97.4
A1S_1483	MPN_RS01225	26.957	115	80	2	13	123	10	124	7.73e-08	48.5
A1S_1483	MPN_RS01425	28.378	222	143	3	30	238	19	237	8.34e-23	94.4
A1S_1483	MPN_RS01425	24.215	223	138	8	35	237	346	557	2.90e-08	49.7
A1S_1483	MPN_RS00305	40.000	115	69	0	132	246	327	441	5.22e-22	92.0
A1S_1483	MPN_RS00305	35.772	123	69	5	15	136	7	120	2.75e-12	62.4
A1S_1483	MPN_RS02365	25.000	208	145	3	34	233	21	225	1.07e-19	82.0
A1S_1483	MPN_RS02450	25.431	232	158	4	33	263	18	235	7.89e-19	80.1
A1S_1483	MPN_RS00105	28.505	214	131	5	34	232	383	589	1.67e-17	78.6
A1S_1483	MPN_RS00110	28.507	221	122	9	34	237	413	614	1.10e-16	75.9
A1S_1483	MPN_RS01870	24.762	210	152	1	29	238	20	223	2.51e-16	73.6
A1S_1483	MPN_RS00775	33.654	104	69	0	151	254	361	464	4.07e-16	74.3
A1S_1483	MPN_RS00775	25.000	88	61	1	33	120	27	109	6.82e-07	45.4
A1S_1483	MPN_RS02445	26.809	235	156	7	34	262	119	343	4.37e-14	67.4
A1S_1483	MPN_RS03520	45.000	40	22	0	21	60	8	47	4.64e-05	39.7
A1S_1483	MPN_RS03270	25.333	150	97	3	49	198	492	626	0.001	35.4
A1S_1493	MPN_RS03465	32.627	236	143	7	1	224	82	313	2.54e-34	120
A1S_1493	MPN_RS00440	32.743	226	133	7	3	214	227	447	5.98e-33	119
A1S_1493	MPN_RS01080	32.407	216	138	5	15	224	35	248	7.86e-32	114
A1S_1493	MPN_RS03845	32.212	208	128	6	16	217	132	332	4.02e-30	110
A1S_1493	MPN_RS01075	27.397	219	150	5	11	226	19	231	7.30e-26	97.4
A1S_1493	MPN_RS03855	35.533	197	118	6	24	217	79	269	8.87e-23	89.4
A1S_1493	MPN_RS02445	31.739	230	138	10	15	232	117	339	2.09e-21	86.7
A1S_1493	MPN_RS00305	39.695	131	68	3	107	227	319	448	4.75e-21	86.3
A1S_1493	MPN_RS00305	33.333	99	61	2	1	98	6	100	1.84e-12	61.2
A1S_1493	MPN_RS02365	25.551	227	157	4	6	223	10	233	5.48e-20	80.9
A1S_1493	MPN_RS01425	26.267	217	139	4	12	212	18	229	4.77e-19	80.5
A1S_1493	MPN_RS01425	19.913	231	146	7	11	216	338	554	1.82e-05	40.0
A1S_1493	MPN_RS01225	38.938	113	67	2	114	224	664	776	1.23e-18	79.7
A1S_1493	MPN_RS01870	24.779	226	156	6	1	220	6	223	2.06e-18	77.8
A1S_1493	MPN_RS01220	24.723	271	141	8	12	226	36	299	3.58e-13	63.2
A1S_1493	MPN_RS00110	25.352	213	142	9	12	216	408	611	1.58e-12	61.2
A1S_1493	MPN_RS00775	33.333	108	69	2	132	238	359	464	3.52e-12	60.5
A1S_1493	MPN_RS00775	29.293	99	62	2	2	98	13	105	1.24e-11	58.5
A1S_1493	MPN_RS00105	32.934	167	93	6	17	168	383	545	4.09e-12	60.1
A1S_1493	MPN_RS02450	22.581	248	158	7	1	233	1	229	6.85e-08	47.0
A1S_1493	MPN_RS03270	24.294	177	107	6	30	200	490	645	4.45e-05	38.9
A1S_1493	MPN_RS03520	26.866	67	46	1	137	200	836	902	4.24e-04	35.8
A1S_1496	MPN_RS02730	26.991	226	155	6	16	236	13	233	1.03e-19	80.1
A1S_1519	MPN_RS00330	39.426	383	213	8	4	383	10	376	9.11e-94	281
A1S_1520	MPN_RS00445	40.092	217	127	2	1	217	27	240	1.54e-49	167
A1S_1521	MPN_RS00445	33.597	253	158	6	1	247	400	648	1.38e-39	139
A1S_1535	MPN_RS00110	29.470	509	319	11	109	596	139	628	9.97e-58	200
A1S_1535	MPN_RS00105	29.617	287	176	6	339	604	338	619	3.43e-28	114
A1S_1535	MPN_RS01075	29.060	234	149	4	358	586	7	228	8.06e-25	99.4
A1S_1535	MPN_RS03465	29.964	277	172	9	327	589	47	315	1.04e-22	94.4
A1S_1535	MPN_RS03855	30.045	223	135	6	362	577	58	266	1.39e-16	75.5
A1S_1535	MPN_RS01080	28.968	252	147	11	350	586	13	247	2.49e-16	74.7
A1S_1535	MPN_RS02365	23.790	248	144	10	361	584	6	232	1.52e-15	71.6
A1S_1535	MPN_RS00440	28.477	302	177	12	292	577	169	447	5.23e-15	72.4
A1S_1535	MPN_RS01425	27.717	184	123	5	391	566	38	219	2.88e-14	70.1
A1S_1535	MPN_RS01225	43.956	91	48	2	501	588	687	777	5.36e-14	69.7
A1S_1535	MPN_RS03845	27.700	213	129	6	375	577	132	329	6.44e-14	68.2
A1S_1535	MPN_RS02450	24.370	238	148	7	367	596	10	223	3.86e-13	64.7
A1S_1535	MPN_RS01220	27.407	270	136	14	380	597	45	306	7.86e-12	62.0
A1S_1535	MPN_RS00305	31.579	114	72	3	472	582	322	432	1.24e-09	55.5
A1S_1535	MPN_RS00305	39.785	93	47	3	372	457	13	103	9.34e-08	49.3
A1S_1535	MPN_RS02445	36.585	82	51	1	500	580	241	322	3.97e-08	50.1
A1S_1535	MPN_RS00775	28.125	96	66	1	497	589	359	454	1.23e-07	48.9
A1S_1535	MPN_RS00775	29.293	99	67	2	357	454	9	105	1.73e-06	45.4
A1S_1535	MPN_RS03270	27.807	187	105	7	391	572	492	653	6.05e-07	47.0
A1S_1535	MPN_RS01870	22.414	232	160	6	368	593	16	233	1.41e-06	45.1
A1S_1535	MPN_RS03520	32.292	96	55	3	502	587	836	931	4.00e-04	37.7
A1S_1543	MPN_RS02430	39.512	410	220	6	1	389	2	404	8.28e-86	262
A1S_1544	MPN_RS00140	31.361	338	170	11	3	329	2	288	3.86e-44	148
A1S_1549	MPN_RS03765	27.108	166	83	5	2	164	6	136	3.40e-07	44.7
A1S_1550	MPN_RS03200	30.714	140	85	4	38	171	17	150	4.00e-14	63.2
A1S_1551	MPN_RS03870	28.079	203	133	4	4	195	2	202	8.04e-23	89.4
A1S_1555	MPN_RS00110	29.098	488	330	7	94	569	147	630	9.00e-73	239
A1S_1555	MPN_RS00105	24.721	538	359	10	65	569	86	610	9.18e-38	142
A1S_1555	MPN_RS03465	32.759	232	133	7	344	560	92	315	3.12e-26	104
A1S_1555	MPN_RS01075	28.696	230	154	4	332	558	7	229	2.97e-24	97.4
A1S_1555	MPN_RS01080	31.674	221	133	9	349	558	35	248	3.00e-21	89.4
A1S_1555	MPN_RS02365	25.833	240	142	8	337	555	8	232	1.34e-20	86.3
A1S_1555	MPN_RS03845	30.000	210	124	7	351	549	133	330	1.48e-17	79.0
A1S_1555	MPN_RS03855	31.373	204	117	7	356	549	77	267	5.06e-17	76.6
A1S_1555	MPN_RS00440	30.476	210	121	10	351	548	251	447	1.28e-14	70.9
A1S_1555	MPN_RS01425	26.639	244	145	9	334	555	5	236	4.17e-13	66.2
A1S_1555	MPN_RS01220	26.259	278	147	10	335	558	24	297	8.13e-13	65.1
A1S_1555	MPN_RS02450	24.670	227	143	7	350	568	18	224	8.52e-13	63.5
A1S_1555	MPN_RS01225	43.333	90	48	3	473	559	688	777	2.52e-12	64.3
A1S_1555	MPN_RS01870	24.569	232	147	9	351	571	25	239	5.08e-12	62.0
A1S_1555	MPN_RS02445	24.017	229	143	6	340	551	108	322	5.68e-12	62.0
A1S_1555	MPN_RS00305	35.556	90	55	2	344	432	16	103	3.61e-11	60.1
A1S_1555	MPN_RS00305	36.905	84	50	2	473	553	349	432	2.22e-08	51.2
A1S_1555	MPN_RS00775	34.000	100	61	2	465	560	356	454	2.03e-10	57.8
A1S_1555	MPN_RS00775	25.203	123	88	3	332	453	10	129	3.60e-06	44.3
A1S_1555	MPN_RS03520	33.333	102	55	4	470	558	830	931	5.79e-06	43.9
A1S_1558	MPN_RS03515	31.361	169	94	5	14	176	38	190	1.35e-15	72.0
A1S_1560	MPN_RS00045	31.559	263	165	9	2	254	3	260	1.54e-37	128
A1S_1567	MPN_RS01310	30.732	205	133	5	36	233	29	231	7.93e-28	101
A1S_1571	MPN_RS02720	35.426	223	129	6	6	226	5	214	3.86e-37	124
A1S_1585	MPN_RS01295	32.258	279	159	9	180	437	195	464	1.33e-29	115
A1S_1611	MPN_RS01210	23.684	304	217	6	16	311	1	297	8.45e-23	92.4
A1S_1612	MPN_RS01215	27.237	257	170	7	130	379	127	373	1.11e-19	84.3
A1S_1612	MPN_RS01210	26.761	142	74	5	179	294	81	218	1.35e-04	38.1
A1S_1613	MPN_RS01220	31.310	313	165	7	10	281	21	324	5.40e-46	162
A1S_1613	MPN_RS01220	33.333	303	154	7	312	571	18	315	1.54e-40	147
A1S_1613	MPN_RS01225	52.846	123	58	0	448	570	671	793	8.49e-40	150
A1S_1613	MPN_RS01225	32.258	186	118	2	128	313	654	831	1.59e-30	121
A1S_1613	MPN_RS01225	38.384	99	53	2	337	430	28	123	7.89e-15	72.4
A1S_1613	MPN_RS01225	30.769	156	95	6	2	156	3	146	2.74e-09	54.3
A1S_1613	MPN_RS03465	33.333	255	149	11	7	256	79	317	3.41e-28	110
A1S_1613	MPN_RS03465	25.564	266	169	9	311	565	78	325	3.54e-21	89.7
A1S_1613	MPN_RS01080	29.630	243	157	6	315	553	16	248	8.53e-26	102
A1S_1613	MPN_RS01080	29.572	257	158	7	5	252	6	248	9.67e-23	94.0
A1S_1613	MPN_RS01075	33.478	230	110	8	332	544	17	220	2.53e-23	94.7
A1S_1613	MPN_RS01075	32.661	248	137	11	19	262	11	232	2.61e-22	92.0
A1S_1613	MPN_RS00440	30.870	230	136	8	31	258	251	459	1.76e-21	92.0
A1S_1613	MPN_RS00440	24.427	262	180	9	283	543	203	447	3.23e-18	82.0
A1S_1613	MPN_RS03845	24.806	258	176	7	291	544	87	330	8.01e-21	88.6
A1S_1613	MPN_RS03845	29.317	249	142	10	4	242	105	329	4.17e-17	77.4
A1S_1613	MPN_RS00305	34.653	101	66	0	460	560	344	444	3.18e-19	85.9
A1S_1613	MPN_RS00305	28.188	149	103	2	109	256	296	441	5.41e-17	78.6
A1S_1613	MPN_RS00305	28.431	102	59	3	311	412	2	89	1.04e-05	42.7
A1S_1613	MPN_RS00775	32.710	107	72	0	459	565	358	464	4.14e-18	82.4
A1S_1613	MPN_RS00775	30.714	140	94	2	161	300	361	497	3.94e-16	75.9
A1S_1613	MPN_RS00775	32.222	90	54	4	339	428	27	109	4.09e-05	40.8
A1S_1613	MPN_RS01870	25.333	300	185	9	8	293	4	278	1.31e-15	72.8
A1S_1613	MPN_RS01870	24.783	230	156	7	315	544	6	218	5.13e-12	62.0
A1S_1613	MPN_RS00110	26.217	267	155	13	315	564	387	628	2.06e-15	73.9
A1S_1613	MPN_RS00110	25.641	234	139	10	31	254	413	621	1.72e-08	51.6
A1S_1613	MPN_RS02365	25.410	244	145	9	8	239	3	221	2.66e-15	70.5
A1S_1613	MPN_RS02365	22.831	219	141	5	340	544	21	225	1.60e-14	68.2
A1S_1613	MPN_RS00105	29.493	217	136	5	297	503	343	552	4.00e-15	72.8
A1S_1613	MPN_RS00105	23.474	213	133	6	3	202	357	552	9.87e-07	46.2
A1S_1613	MPN_RS03855	37.500	96	55	2	163	258	188	278	6.03e-14	67.4
A1S_1613	MPN_RS03855	24.885	217	146	6	343	557	75	276	4.53e-13	64.7
A1S_1613	MPN_RS02450	22.984	248	162	7	10	254	1	222	4.56e-13	64.3
A1S_1613	MPN_RS02450	25.110	227	154	7	339	561	18	232	2.91e-12	62.0
A1S_1613	MPN_RS02445	25.726	241	154	9	11	245	101	322	7.02e-10	55.5
A1S_1613	MPN_RS02445	23.113	212	152	4	338	545	117	321	8.62e-08	48.9
A1S_1613	MPN_RS01425	25.243	206	127	8	355	544	38	232	1.66e-08	51.6
A1S_1613	MPN_RS01425	22.222	225	149	7	341	550	346	559	9.52e-08	49.3
A1S_1613	MPN_RS01425	21.577	241	161	8	11	240	6	229	1.15e-07	48.9
A1S_1613	MPN_RS01425	23.695	249	140	9	32	261	346	563	2.15e-06	45.1
A1S_1613	MPN_RS03520	29.104	134	82	5	140	264	814	943	4.02e-07	47.4
A1S_1617	MPN_RS03115	35.897	78	43	2	1	78	1	71	3.61e-06	36.6
A1S_1623	MPN_RS01190	27.586	87	62	1	132	217	166	252	3.77e-07	48.5
A1S_1628	MPN_RS02455	40.135	593	316	13	22	595	9	581	7.40e-127	382
A1S_1629	MPN_RS00120	31.373	51	30	1	20	65	23	73	6.54e-04	33.9
A1S_1629	MPN_RS00675	36.508	63	37	2	3	65	8	67	8.49e-04	33.9
A1S_1633	MPN_RS02775	32.240	183	118	5	33	212	73	252	2.22e-21	87.4
A1S_1658	MPN_RS03685	22.632	190	129	6	456	639	131	308	8.89e-04	36.6
A1S_1671	MPN_RS01075	29.310	232	160	3	337	564	7	238	1.94e-26	103
A1S_1671	MPN_RS01075	24.000	225	138	5	25	232	20	228	1.54e-20	86.7
A1S_1671	MPN_RS01870	25.112	223	158	5	339	554	6	226	3.70e-22	92.4
A1S_1671	MPN_RS01870	26.238	202	146	2	32	232	27	226	2.06e-19	84.3
A1S_1671	MPN_RS03845	30.769	182	119	3	27	203	130	309	1.49e-21	90.9
A1S_1671	MPN_RS03845	28.079	203	132	5	355	547	133	331	2.15e-15	72.4
A1S_1671	MPN_RS03465	28.182	220	140	7	351	554	95	312	9.12e-20	85.5
A1S_1671	MPN_RS03465	25.610	246	156	8	3	232	78	312	1.94e-18	81.6
A1S_1671	MPN_RS01080	27.615	239	149	7	347	573	29	255	3.15e-19	83.6
A1S_1671	MPN_RS01080	24.481	241	167	6	22	249	29	267	1.14e-15	72.8
A1S_1671	MPN_RS00440	27.624	181	119	4	3	177	227	401	1.43e-18	83.2
A1S_1671	MPN_RS00440	30.653	199	125	5	370	557	266	462	2.02e-16	76.6
A1S_1671	MPN_RS01425	21.416	579	392	14	4	546	2	553	4.27e-18	82.4
A1S_1671	MPN_RS00775	35.922	103	65	1	333	435	6	107	1.92e-16	77.0
A1S_1671	MPN_RS00775	42.529	87	47	2	29	113	27	112	2.32e-13	67.4
A1S_1671	MPN_RS00775	32.609	92	60	2	465	554	360	451	5.23e-09	53.5
A1S_1671	MPN_RS00775	27.826	115	82	1	119	232	337	451	6.43e-09	53.1
A1S_1671	MPN_RS00305	36.220	127	71	5	335	458	2	121	4.31e-16	75.9
A1S_1671	MPN_RS00305	40.449	89	51	2	468	554	348	436	3.62e-14	69.7
A1S_1671	MPN_RS00305	35.088	114	73	1	117	229	320	433	4.04e-13	66.6
A1S_1671	MPN_RS00305	37.500	80	49	1	29	108	22	100	5.35e-12	62.8
A1S_1671	MPN_RS03855	28.571	217	139	7	33	241	75	283	3.62e-15	70.9
A1S_1671	MPN_RS03855	28.125	192	124	5	365	547	82	268	7.94e-15	70.1
A1S_1671	MPN_RS02365	28.205	195	125	6	357	537	23	216	4.55e-15	70.1
A1S_1671	MPN_RS02365	27.225	191	126	5	32	211	23	211	8.31e-14	66.2
A1S_1671	MPN_RS00110	25.339	221	144	6	24	232	407	618	7.84e-15	72.0
A1S_1671	MPN_RS00110	27.014	211	128	6	360	554	418	618	2.84e-12	63.9
A1S_1671	MPN_RS00105	25.561	223	132	6	359	556	387	600	5.22e-13	66.2
A1S_1671	MPN_RS00105	24.324	185	119	5	15	182	370	550	3.56e-09	53.9
A1S_1671	MPN_RS01220	22.449	294	171	10	7	246	21	311	7.20e-13	65.1
A1S_1671	MPN_RS01220	21.898	274	154	11	336	549	18	291	2.45e-09	53.9
A1S_1671	MPN_RS02450	27.700	213	144	5	29	237	18	224	1.79e-12	62.8
A1S_1671	MPN_RS02450	25.424	236	166	6	354	583	18	249	2.70e-09	53.1
A1S_1671	MPN_RS02445	32.484	157	94	5	355	500	119	274	3.35e-11	59.7
A1S_1671	MPN_RS02445	27.389	157	104	4	30	177	119	274	5.16e-08	49.7
A1S_1671	MPN_RS01225	26.087	115	84	1	121	234	663	777	3.59e-08	50.8
A1S_1671	MPN_RS01225	40.816	49	29	0	352	400	28	76	6.21e-06	43.5
A1S_1671	MPN_RS01225	25.843	89	64	2	468	554	687	775	2.66e-05	41.6
A1S_1671	MPN_RS03520	32.292	96	55	3	146	232	836	930	2.04e-04	38.9
A1S_1678	MPN_RS01510	33.333	111	74	0	4	114	9	119	1.36e-17	69.3
A1S_1684	MPN_RS01520	28.846	104	63	4	3	105	6	99	1.56e-04	33.1
A1S_1690	MPN_RS03790	26.263	198	94	8	20	200	251	413	7.74e-06	41.6
A1S_1690	MPN_RS03060	26.263	198	110	7	38	214	466	648	8.99e-05	38.1
A1S_1693	MPN_RS02035	30.909	110	70	3	161	269	113	217	5.33e-12	60.8
A1S_1699	MPN_RS02210	29.197	274	178	6	1	271	30	290	1.38e-26	102
A1S_1700	MPN_RS02205	36.774	310	177	5	9	315	12	305	2.89e-56	181
A1S_1701	MPN_RS02200	33.491	212	138	1	272	480	174	385	8.81e-31	118
A1S_1701	MPN_RS02200	30.769	65	45	0	1	65	14	78	1.73e-05	41.6
A1S_1702	MPN_RS02195	29.225	284	178	7	1	276	83	351	6.06e-25	98.2
A1S_1702	MPN_RS02215	29.221	154	102	5	91	242	168	316	5.48e-09	51.2
A1S_1705	MPN_RS03235	26.335	281	176	7	1	269	1	262	5.50e-12	60.8
A1S_1715	MPN_RS02735	23.558	208	135	5	2	201	3	194	4.27e-12	57.4
A1S_1722	MPN_RS03845	34.419	215	127	4	15	220	121	330	1.55e-33	120
A1S_1722	MPN_RS00440	31.944	216	128	5	8	207	232	444	1.60e-28	108
A1S_1722	MPN_RS03465	32.129	249	132	11	10	234	85	320	1.92e-27	103
A1S_1722	MPN_RS02365	28.431	204	129	2	27	215	21	222	3.15e-27	101
A1S_1722	MPN_RS01075	30.806	211	131	6	29	233	27	228	1.70e-25	97.1
A1S_1722	MPN_RS00305	44.737	114	61	1	108	221	318	429	4.66e-25	99.0
A1S_1722	MPN_RS00305	43.023	86	46	2	24	106	20	105	3.66e-14	67.0
A1S_1722	MPN_RS03855	30.392	204	126	5	28	222	73	269	2.47e-22	89.0
A1S_1722	MPN_RS01080	30.000	220	134	7	10	213	19	234	2.77e-21	86.3
A1S_1722	MPN_RS00775	38.739	111	61	3	133	243	358	461	3.94e-21	87.8
A1S_1722	MPN_RS00775	29.032	217	137	6	4	207	9	221	1.12e-18	80.5
A1S_1722	MPN_RS02445	27.004	237	156	6	1	225	94	325	6.14e-18	77.8
A1S_1722	MPN_RS02450	27.053	207	134	5	26	224	18	215	6.92e-18	76.3
A1S_1722	MPN_RS00105	30.851	188	108	5	11	178	368	553	3.55e-17	75.9
A1S_1722	MPN_RS01225	39.604	101	56	4	123	221	671	768	1.51e-15	71.2
A1S_1722	MPN_RS01225	30.909	110	58	4	8	102	12	118	1.18e-05	41.2
A1S_1722	MPN_RS01870	25.926	216	152	6	1	212	1	212	7.16e-15	68.2
A1S_1722	MPN_RS01425	27.751	209	131	4	23	212	19	226	7.83e-15	68.9
A1S_1722	MPN_RS01425	21.145	227	135	8	25	221	342	554	4.01e-04	36.2
A1S_1722	MPN_RS01220	30.769	104	67	2	122	222	189	290	1.07e-12	62.4
A1S_1722	MPN_RS00110	23.913	230	150	9	5	221	394	611	5.80e-09	51.2
A1S_1749	MPN_RS03520	37.243	682	366	17	127	752	273	948	1.18e-128	401
A1S_1749	MPN_RS03520	44.295	149	68	1	2	150	7	140	6.44e-28	115
A1S_1749	MPN_RS03520	31.731	208	125	8	4	209	618	810	1.48e-19	88.2
A1S_1749	MPN_RS03520	57.500	40	17	0	455	494	8	47	4.21e-08	51.2
A1S_1749	MPN_RS01075	28.030	132	80	4	304	435	117	233	1.43e-08	51.2
A1S_1749	MPN_RS01075	25.000	72	54	0	642	713	141	212	9.59e-05	39.7
A1S_1749	MPN_RS01080	25.362	138	94	3	594	730	113	242	1.38e-07	48.5
A1S_1749	MPN_RS01080	30.000	90	60	2	320	408	144	231	4.54e-07	47.0
A1S_1749	MPN_RS03465	26.119	134	76	4	329	462	219	329	2.79e-06	44.7
A1S_1749	MPN_RS03465	29.000	100	65	3	642	741	225	318	1.30e-05	42.4
A1S_1749	MPN_RS01220	27.778	126	82	4	591	707	148	273	4.02e-06	44.3
A1S_1749	MPN_RS01425	22.368	76	59	0	634	709	144	219	7.12e-06	43.9
A1S_1749	MPN_RS01425	28.947	76	52	2	327	402	144	217	1.19e-04	39.7
A1S_1749	MPN_RS01225	29.762	84	58	1	624	706	668	751	1.00e-05	43.5
A1S_1749	MPN_RS03845	30.667	75	49	2	337	410	252	324	1.76e-05	42.0
A1S_1749	MPN_RS03845	27.397	73	52	1	644	715	252	324	1.07e-04	39.7
A1S_1749	MPN_RS02365	29.032	62	43	1	644	704	146	207	3.51e-05	40.8
A1S_1749	MPN_RS02365	35.065	77	44	4	337	410	146	219	8.02e-05	39.7
A1S_1749	MPN_RS00110	30.252	119	69	4	597	715	500	604	4.78e-05	41.2
A1S_1749	MPN_RS03855	23.256	86	63	2	639	721	184	269	1.05e-04	39.3
A1S_1749	MPN_RS02445	24.138	116	80	3	631	745	230	338	1.25e-04	39.7
A1S_3729	MPN_RS02230	34.568	81	53	0	13	93	47	127	5.84e-09	48.1
A1S_1774	MPN_RS01320	27.840	449	238	16	83	481	60	472	4.54e-34	129
A1S_1780	MPN_RS00245	35.153	458	258	10	1	445	8	439	3.88e-75	239
A1S_1781	MPN_RS00400	26.855	283	168	12	15	285	92	347	1.89e-15	70.5
A1S_1785	MPN_RS02365	23.265	245	163	4	5	233	9	244	1.11e-21	85.9
A1S_1785	MPN_RS03465	27.686	242	149	10	3	226	84	317	1.60e-20	84.0
A1S_1785	MPN_RS00440	29.442	197	131	5	16	208	250	442	3.88e-18	78.2
A1S_1785	MPN_RS01075	28.019	207	147	2	9	215	17	221	1.61e-17	74.7
A1S_1785	MPN_RS01080	27.572	243	153	7	15	249	35	262	3.91e-17	73.9
A1S_1785	MPN_RS03845	25.962	208	142	6	16	217	132	333	2.06e-15	69.3
A1S_1785	MPN_RS01870	25.000	192	128	7	1	185	6	188	3.69e-14	65.9
A1S_1785	MPN_RS02450	29.258	229	145	10	1	222	1	219	1.10e-13	63.9
A1S_1785	MPN_RS02445	26.540	211	137	6	15	214	117	320	8.59e-13	62.0
A1S_1785	MPN_RS01225	35.714	98	61	2	126	222	679	775	7.52e-12	59.7
A1S_1785	MPN_RS00305	35.354	99	62	2	130	226	343	441	1.97e-11	58.2
A1S_1785	MPN_RS00305	30.159	126	80	4	1	122	6	127	6.82e-09	50.4
A1S_1785	MPN_RS03855	23.196	194	130	5	16	200	71	254	2.22e-11	57.4
A1S_1785	MPN_RS01220	25.670	261	130	11	12	215	36	289	1.64e-10	55.5
A1S_1785	MPN_RS01425	22.363	237	166	6	8	229	335	568	7.59e-10	53.5
A1S_1785	MPN_RS01425	25.472	212	138	7	19	214	25	232	3.97e-09	51.2
A1S_1785	MPN_RS00775	33.333	87	56	2	128	213	357	442	2.36e-09	52.0
A1S_1785	MPN_RS00775	26.136	88	57	1	11	90	22	109	1.49e-05	40.4
A1S_1785	MPN_RS00105	24.607	191	121	6	8	180	369	554	2.48e-08	48.9
A1S_1785	MPN_RS00110	30.000	90	48	2	136	211	534	622	3.37e-06	42.4
A1S_1785	MPN_RS03270	28.824	170	95	7	31	194	491	640	3.37e-05	39.3
A1S_1785	MPN_RS03520	55.556	27	12	0	17	43	21	47	1.84e-04	37.0
A1S_1792	MPN_RS01420	27.315	216	136	10	3	207	8	213	7.97e-10	53.9
A1S_1865	MPN_RS01320	44.828	145	79	1	18	162	66	209	8.45e-32	120
A1S_1898	MPN_RS03450	54.875	441	184	5	3	428	11	451	4.13e-157	447
A1S_1902	MPN_RS00455	26.316	76	55	1	200	275	193	267	2.26e-04	37.4
A1S_1910	MPN_RS03060	52.419	248	116	2	174	419	21	268	1.85e-77	259
A1S_1910	MPN_RS03060	39.936	313	176	3	424	732	397	701	1.45e-74	251
A1S_1910	MPN_RS01860	26.562	192	113	10	428	604	318	496	6.83e-04	37.4
A1S_1917	MPN_RS02630	30.323	155	107	1	40	194	4	157	4.03e-17	73.2
A1S_1918	MPN_RS02625	26.531	490	267	13	47	445	78	565	1.01e-35	134
A1S_1930	MPN_RS02410	33.123	317	193	4	59	363	26	335	7.83e-56	181
A1S_1930	MPN_RS00340	34.470	264	156	6	97	354	31	283	1.33e-37	135
A1S_1940	MPN_RS01040	32.275	189	126	2	65	252	60	247	1.13e-29	107
A1S_1940	MPN_RS02685	26.630	184	115	7	31	208	151	320	4.81e-10	53.9
A1S_1945	MPN_RS03560	35.599	559	351	5	401	950	5	563	4.73e-112	352
A1S_1945	MPN_RS00280	31.081	74	50	1	287	360	6	78	1.68e-05	39.3
A1S_1946	MPN_RS00430	24.242	264	189	6	29	287	25	282	5.79e-13	63.2
A1S_1947	MPN_RS00425	38.936	470	242	12	104	530	168	635	7.88e-89	284
A1S_1962	MPN_RS02795	45.455	286	155	1	36	320	37	322	1.51e-86	259
A1S_1972	MPN_RS03605	28.000	150	58	4	148	251	214	359	9.88e-10	53.1
A1S_1974	MPN_RS03600	30.814	172	114	3	15	184	16	184	1.34e-26	95.1
A1S_1975	MPN_RS03585	31.197	234	157	4	11	242	4	235	6.18e-32	112
A1S_1980	MPN_RS01725	32.000	300	160	6	38	295	6	303	8.57e-49	160
A1S_1982	MPN_RS03800	30.088	113	63	6	4	102	2	112	1.67e-04	35.0
A1S_1984	MPN_RS00270	26.522	230	122	7	4	232	6	189	1.92e-10	56.6
A1S_1987	MPN_RS01420	27.557	352	212	11	2	333	8	336	1.01e-23	94.7
A1S_2004	MPN_RS02215	22.747	233	141	7	73	274	3	227	1.12e-06	43.9
A1S_2005	MPN_RS02215	21.277	376	236	14	2	330	3	365	7.22e-09	53.5
A1S_2005	MPN_RS02195	30.045	223	129	8	93	306	125	329	8.03e-07	47.0
A1S_2008	MPN_RS03095	25.581	301	178	13	21	303	31	303	3.17e-07	47.0
A1S_2015	MPN_RS03095	23.513	353	241	13	17	362	31	361	1.01e-07	48.1
A1S_2056	MPN_RS03515	39.721	287	171	2	1	286	1	286	3.39e-66	226
A1S_2056	MPN_RS00035	25.000	116	82	1	70	180	35	150	1.32e-06	45.1
A1S_2056	MPN_RS03090	25.926	108	71	2	11	109	8	115	8.85e-06	42.7
A1S_2070	MPN_RS01180	28.551	683	408	20	128	777	83	718	5.31e-69	241
A1S_2073	MPN_RS02365	22.566	226	165	6	1	218	1	224	1.87e-08	50.1
A1S_2073	MPN_RS02365	23.316	193	111	6	357	517	24	211	1.41e-04	38.1
A1S_2073	MPN_RS00110	24.229	227	144	8	18	231	410	621	1.10e-07	48.9
A1S_2073	MPN_RS02445	25.359	209	142	8	20	223	118	317	1.97e-07	47.8
A1S_2073	MPN_RS03465	27.273	198	121	12	18	201	97	285	1.07e-06	45.1
A1S_2073	MPN_RS02450	25.253	198	119	9	341	513	1	194	4.12e-06	43.1
A1S_2073	MPN_RS02450	23.556	225	134	6	8	215	4	207	3.92e-05	40.0
A1S_2073	MPN_RS01075	22.749	211	136	7	20	218	24	219	6.56e-06	42.4
A1S_2073	MPN_RS03845	29.825	171	89	9	367	511	146	311	6.91e-06	42.7
A1S_2073	MPN_RS03845	31.250	80	50	2	140	215	248	326	1.31e-05	42.0
A1S_2073	MPN_RS01425	22.072	222	145	7	23	226	25	236	1.15e-05	42.4
A1S_2073	MPN_RS02415	37.037	81	45	3	446	521	872	951	7.47e-05	40.0
A1S_2073	MPN_RS01080	27.174	92	63	2	144	231	160	251	2.69e-04	37.7
A1S_2073	MPN_RS01080	31.746	63	38	2	453	512	160	220	7.74e-04	36.2
A1S_2073	MPN_RS03270	28.485	165	84	7	371	515	494	644	7.50e-04	36.6
A1S_2108	MPN_RS03820	26.357	129	87	1	50	170	2	130	2.53e-09	54.3
A1S_2117	MPN_RS01615	29.831	295	174	9	26	301	8	288	1.28e-24	95.9
A1S_2117	MPN_RS03150	23.630	292	198	6	15	283	1	290	3.61e-10	54.7
A1S_2140	MPN_RS01180	22.301	565	365	12	70	566	83	641	9.61e-29	117
A1S_2153	MPN_RS02035	31.980	197	120	7	64	255	69	256	7.93e-18	77.4
A1S_2154	MPN_RS02030	47.475	297	150	3	57	353	64	354	4.03e-98	290
A1S_2155	MPN_RS00175	24.390	82	60	1	88	167	27	108	1.42e-04	35.4
A1S_2160	MPN_RS00155	26.374	91	64	3	50	137	8	98	3.72e-04	36.6
A1S_2164	MPN_RS03560	27.934	426	244	14	382	786	152	535	5.54e-30	120
A1S_2172	MPN_RS01285	42.254	71	40	1	4	73	34	104	1.00e-15	61.2
A1S_2173	MPN_RS01290	32.174	115	69	4	1	111	1	110	9.16e-09	46.2
A1S_2175	MPN_RS01295	35.931	231	129	7	11	228	249	473	4.92e-35	125
A1S_2182	MPN_RS03195	40.199	602	350	4	7	605	3	597	1.27e-146	433
A1S_2184	MPN_RS02035	41.667	48	27	1	161	207	110	157	7.25e-05	38.5
A1S_2192	MPN_RS00440	39.462	223	125	6	1	219	231	447	2.16e-39	140
A1S_2192	MPN_RS03845	34.434	212	135	3	10	220	122	330	7.05e-35	125
A1S_2192	MPN_RS03465	34.632	231	131	6	24	241	102	325	3.44e-30	112
A1S_2192	MPN_RS01080	32.727	220	135	6	18	229	34	248	6.23e-29	108
A1S_2192	MPN_RS03855	32.836	201	129	4	21	220	72	267	2.85e-28	106
A1S_2192	MPN_RS01225	41.509	106	62	0	137	242	684	789	2.85e-28	110
A1S_2192	MPN_RS01225	33.333	114	66	3	1	107	11	121	2.82e-11	59.3
A1S_2192	MPN_RS01075	31.100	209	138	4	24	231	28	231	3.11e-28	105
A1S_2192	MPN_RS01220	26.027	292	168	7	1	244	21	312	8.57e-28	107
A1S_2192	MPN_RS00305	37.984	129	80	0	113	241	321	449	1.24e-24	99.4
A1S_2192	MPN_RS00305	32.967	91	55	2	24	114	26	110	3.04e-09	52.8
A1S_2192	MPN_RS01425	27.801	241	150	6	2	229	6	235	1.93e-21	90.1
A1S_2192	MPN_RS00105	31.122	196	113	6	2	181	365	554	4.11e-20	85.9
A1S_2192	MPN_RS01870	25.764	229	161	4	1	228	6	226	6.63e-20	84.0
A1S_2192	MPN_RS02445	31.863	204	129	5	36	233	134	333	2.36e-19	82.8
A1S_2192	MPN_RS00775	35.772	123	76	1	119	241	345	464	1.05e-18	81.6
A1S_2192	MPN_RS00775	35.849	106	59	4	2	107	13	109	3.55e-11	58.9
A1S_2192	MPN_RS02365	25.822	213	146	3	21	224	21	230	2.60e-18	78.2
A1S_2192	MPN_RS02450	26.087	253	170	7	1	247	1	242	3.82e-17	75.1
A1S_2192	MPN_RS00110	25.806	217	131	7	21	223	413	613	4.82e-16	73.9
A1S_2192	MPN_RS03520	21.053	114	79	4	141	245	836	947	8.15e-04	35.8
A1S_2193	MPN_RS03470	26.543	162	101	5	76	220	454	614	3.07e-04	36.2
A1S_2194	MPN_RS01545	44.737	38	20	1	46	82	69	106	2.77e-04	36.2
A1S_2240	MPN_RS01375	31.522	92	40	5	136	205	161	251	1.37e-04	37.4
A1S_2244	MPN_RS00325	36.508	315	179	8	1	305	5	308	8.71e-61	192
A1S_2260	MPN_RS03540	33.154	371	228	8	1	361	1	361	9.95e-52	174
A1S_2260	MPN_RS02500	23.167	341	212	10	25	354	18	319	4.38e-18	80.1
A1S_2262	MPN_RS01970	34.483	116	71	2	19	130	211	325	9.12e-15	68.9
A1S_2269	MPN_RS03060	26.923	208	116	9	205	391	457	649	2.12e-04	38.5
A1S_2283	MPN_RS01470	28.155	206	129	8	68	264	35	230	7.37e-17	73.6
A1S_2299	MPN_RS01080	36.752	234	128	5	14	241	29	248	3.14e-41	139
A1S_2299	MPN_RS03465	33.058	242	149	8	18	255	95	327	1.00e-36	127
A1S_2299	MPN_RS00440	37.991	229	117	9	21	245	250	457	2.08e-33	121
A1S_2299	MPN_RS01075	28.755	233	149	5	12	243	15	231	1.56e-29	107
A1S_2299	MPN_RS03845	31.925	213	128	5	21	231	132	329	2.95e-25	97.1
A1S_2299	MPN_RS02445	31.169	231	136	7	20	243	117	331	4.86e-23	91.7
A1S_2299	MPN_RS00305	29.609	179	119	3	81	253	272	449	3.90e-22	90.1
A1S_2299	MPN_RS00305	35.455	110	55	2	9	117	9	103	5.09e-13	63.2
A1S_2299	MPN_RS03855	30.622	209	126	5	25	231	75	266	3.42e-21	85.1
A1S_2299	MPN_RS01225	35.772	123	78	1	137	258	671	793	1.07e-20	85.9
A1S_2299	MPN_RS01225	41.304	46	27	0	20	65	29	74	3.79e-05	39.3
A1S_2299	MPN_RS01425	27.602	221	127	4	25	229	26	229	8.11e-20	83.2
A1S_2299	MPN_RS01425	21.488	242	151	6	16	238	338	559	1.25e-07	46.6
A1S_2299	MPN_RS01220	25.952	289	153	9	7	244	22	300	8.50e-20	82.8
A1S_2299	MPN_RS02365	30.374	214	127	6	21	226	20	219	4.22e-19	79.0
A1S_2299	MPN_RS00775	38.679	106	64	1	149	253	359	464	1.55e-18	79.3
A1S_2299	MPN_RS00775	30.000	100	55	2	16	115	22	106	1.72e-09	52.4
A1S_2299	MPN_RS00110	25.523	239	158	7	17	251	408	630	5.66e-15	68.9
A1S_2299	MPN_RS01870	22.441	254	175	7	9	258	9	244	5.46e-14	65.5
A1S_2299	MPN_RS02450	29.289	239	143	10	7	240	2	219	7.67e-13	61.6
A1S_2299	MPN_RS00105	25.824	182	106	5	18	185	379	545	4.06e-11	57.4
A1S_2299	MPN_RS03520	29.412	136	86	3	132	258	814	948	2.56e-10	55.1
A1S_2299	MPN_RS03520	26.515	132	79	4	136	255	477	602	4.69e-06	42.0
A1S_2307	MPN_RS03295	55.419	406	176	2	10	415	1	401	1.23e-159	451
A1S_2311	MPN_RS01870	28.205	195	137	2	21	214	25	217	7.90e-26	99.8
A1S_2311	MPN_RS03855	30.622	209	129	4	24	226	75	273	9.95e-22	87.8
A1S_2311	MPN_RS01075	26.047	215	148	6	21	229	25	234	1.57e-20	84.3
A1S_2311	MPN_RS03465	29.362	235	142	10	7	223	85	313	2.71e-19	81.6
A1S_2311	MPN_RS01080	26.027	219	149	5	19	226	35	251	3.91e-19	80.9
A1S_2311	MPN_RS01425	25.778	225	151	4	4	212	5	229	1.71e-17	77.4
A1S_2311	MPN_RS01425	21.635	208	143	4	22	212	346	550	1.14e-08	50.4
A1S_2311	MPN_RS00440	28.571	203	122	8	7	194	234	428	2.92e-16	73.6
A1S_2311	MPN_RS03845	28.495	186	113	5	21	194	133	310	2.74e-15	70.1
A1S_2311	MPN_RS02365	23.605	233	165	5	1	221	1	232	9.26e-14	64.7
A1S_2311	MPN_RS00305	39.241	79	47	1	137	214	349	427	2.98e-13	64.7
A1S_2311	MPN_RS00305	33.333	78	51	1	10	87	12	88	2.32e-11	58.9
A1S_2311	MPN_RS02445	25.641	273	182	10	16	274	114	379	4.07e-12	60.8
A1S_2311	MPN_RS01225	25.503	149	92	5	137	278	688	824	3.93e-10	55.5
A1S_2311	MPN_RS01225	44.000	50	28	0	18	67	28	77	2.49e-07	46.6
A1S_2311	MPN_RS00775	35.802	81	51	1	20	100	27	106	8.74e-10	53.9
A1S_2311	MPN_RS00775	27.184	103	74	1	115	216	342	444	4.70e-09	52.0
A1S_2311	MPN_RS00105	27.711	166	99	6	21	168	383	545	1.23e-09	53.5
A1S_2311	MPN_RS02450	24.324	222	161	5	9	227	6	223	1.41e-09	52.8
A1S_2311	MPN_RS00110	25.698	179	124	5	21	192	413	589	4.35e-09	52.0
A1S_2311	MPN_RS01220	26.437	87	57	2	137	216	209	295	9.33e-08	47.8
A1S_2311	MPN_RS03520	28.767	73	49	1	132	201	831	903	1.43e-04	38.1
A1S_2322	MPN_RS03580	38.276	290	165	7	8	285	7	294	5.39e-56	178
A1S_2323	MPN_RS01175	40.000	85	51	0	1	85	156	240	1.91e-18	73.2
A1S_2324	MPN_RS01040	29.528	254	167	7	12	263	4	247	3.73e-30	108
A1S_2324	MPN_RS02685	25.301	249	150	11	10	247	126	349	4.72e-06	42.0
A1S_2328	MPN_RS02195	30.751	426	272	10	13	427	1	414	3.77e-44	156
A1S_2328	MPN_RS01535	46.512	43	23	0	11	53	11	53	1.46e-06	44.7
A1S_2338	MPN_RS02425	28.660	321	195	15	441	750	20	317	1.79e-23	96.7
A1S_2354	MPN_RS02685	25.633	316	211	10	221	531	45	341	1.54e-13	67.0
A1S_2354	MPN_RS02685	31.081	74	39	1	8	81	7	68	2.24e-04	38.1
A1S_2359	MPN_RS00355	24.265	136	99	2	1	135	1	133	4.20e-05	39.7
A1S_2375	MPN_RS00110	39.583	192	114	1	335	524	411	602	1.45e-36	138
A1S_2375	MPN_RS00105	33.908	174	105	2	337	500	383	556	1.02e-23	99.8
A1S_2375	MPN_RS01075	33.503	197	113	6	327	512	11	200	1.56e-20	86.7
A1S_2375	MPN_RS03845	32.984	191	106	6	337	515	133	313	7.69e-19	82.8
A1S_2375	MPN_RS02365	29.798	198	109	4	334	512	18	204	6.08e-18	78.2
A1S_2375	MPN_RS03855	29.911	224	129	6	313	517	38	252	2.51e-17	77.4
A1S_2375	MPN_RS00440	28.996	269	141	13	283	514	175	430	4.87e-17	78.2
A1S_2375	MPN_RS03465	29.688	192	112	5	337	512	99	283	3.51e-13	65.5
A1S_2375	MPN_RS01080	31.383	188	113	6	337	513	37	219	3.52e-13	65.1
A1S_2375	MPN_RS01425	28.108	185	116	7	354	523	40	222	2.65e-12	63.5
A1S_2375	MPN_RS02450	27.586	203	126	5	335	528	17	207	4.41e-10	55.5
A1S_2375	MPN_RS02445	27.322	183	108	7	352	519	134	306	3.48e-08	50.1
A1S_2375	MPN_RS00775	33.673	98	53	3	425	512	327	422	4.82e-08	50.1
A1S_2375	MPN_RS01225	40.678	59	31	1	458	512	688	746	1.23e-07	48.9
A1S_2375	MPN_RS01225	33.333	84	50	3	326	404	21	103	3.03e-04	38.1
A1S_2375	MPN_RS00305	35.714	84	51	2	336	418	22	103	2.38e-07	47.8
A1S_2375	MPN_RS00305	38.028	71	40	1	446	512	337	407	2.44e-06	44.7
A1S_2375	MPN_RS01220	24.464	233	125	9	336	517	40	272	4.57e-07	46.6
A1S_2375	MPN_RS01870	24.022	179	107	5	337	504	25	185	9.53e-06	42.4
A1S_2375	MPN_RS03270	24.309	181	114	5	352	527	492	654	1.68e-04	38.9
A1S_2376	MPN_RS02365	37.500	72	45	0	7	78	146	217	2.27e-16	66.2
A1S_2376	MPN_RS03845	47.222	72	37	1	7	78	252	322	3.68e-15	63.5
A1S_2376	MPN_RS01225	41.096	73	43	0	7	79	688	760	2.42e-14	61.6
A1S_2376	MPN_RS01075	41.096	73	42	1	7	79	143	214	3.31e-12	55.1
A1S_2376	MPN_RS00305	41.096	73	43	0	7	79	349	421	3.35e-12	55.5
A1S_2376	MPN_RS03465	38.824	85	42	2	7	83	227	309	3.88e-11	52.4
A1S_2376	MPN_RS00440	46.377	69	35	2	7	74	370	437	4.38e-11	52.0
A1S_2376	MPN_RS03855	38.333	60	37	0	7	66	189	248	2.71e-10	49.7
A1S_2376	MPN_RS01080	36.486	74	45	2	7	79	161	233	5.79e-09	46.2
A1S_2376	MPN_RS01220	38.372	86	39	3	7	81	209	291	7.18e-09	45.8
A1S_2376	MPN_RS00110	38.806	67	39	1	7	73	534	598	7.94e-09	45.8
A1S_2376	MPN_RS00775	36.667	60	38	0	7	66	364	423	1.52e-08	45.1
A1S_2376	MPN_RS02450	39.344	61	37	0	7	67	133	193	3.81e-07	40.8
A1S_2376	MPN_RS02445	32.432	74	48	1	5	78	241	312	9.79e-07	39.7
A1S_2376	MPN_RS00105	53.125	32	15	0	7	38	514	545	2.04e-06	38.9
A1S_2376	MPN_RS03520	29.167	72	47	2	6	74	835	905	3.37e-06	38.5
A1S_2376	MPN_RS03520	34.286	70	43	2	7	74	495	563	4.46e-05	35.0
A1S_2376	MPN_RS02415	42.222	45	22	1	5	45	878	922	5.05e-06	37.7
A1S_2376	MPN_RS01425	33.871	62	38	2	7	67	154	213	5.90e-06	37.7
A1S_2376	MPN_RS01425	32.258	62	41	1	6	67	474	534	4.81e-04	32.3
A1S_2376	MPN_RS01870	26.667	75	52	3	7	79	139	212	0.001	31.2
A1S_2377	MPN_RS00110	22.034	118	91	1	38	155	390	506	7.99e-07	42.7
A1S_2377	MPN_RS01080	37.500	64	40	0	60	123	35	98	8.45e-07	42.4
A1S_2377	MPN_RS00440	28.346	127	81	4	27	144	213	338	2.12e-06	41.6
A1S_2377	MPN_RS03465	34.848	66	40	2	39	102	75	139	5.08e-06	40.4
A1S_2377	MPN_RS00305	34.177	79	40	3	50	116	1	79	1.01e-04	36.6
A1S_2377	MPN_RS00775	35.417	48	31	0	63	110	29	76	5.48e-04	34.3
A1S_2387	MPN_RS02365	30.213	235	145	6	11	233	15	242	3.41e-23	89.7
A1S_2387	MPN_RS03465	28.033	239	152	9	1	225	82	314	5.17e-19	79.7
A1S_2387	MPN_RS01080	27.442	215	136	7	16	218	36	242	1.29e-18	78.2
A1S_2387	MPN_RS02450	28.311	219	143	5	1	214	1	210	1.46e-18	77.8
A1S_2387	MPN_RS00110	25.000	220	154	5	12	226	408	621	1.54e-18	79.3
A1S_2387	MPN_RS01075	24.359	234	170	5	10	242	18	245	2.04e-18	77.4
A1S_2387	MPN_RS03845	26.699	206	136	5	16	214	132	329	1.46e-16	72.8
A1S_2387	MPN_RS00440	24.107	224	155	5	1	215	231	448	1.40e-15	70.5
A1S_2387	MPN_RS01870	25.862	232	152	5	1	223	6	226	1.48e-15	69.7
A1S_2387	MPN_RS00105	25.862	232	146	6	2	214	365	589	7.96e-15	68.6
A1S_2387	MPN_RS00305	32.787	122	82	0	91	212	304	425	9.64e-15	68.2
A1S_2387	MPN_RS00305	27.500	120	79	4	1	114	6	123	2.02e-09	52.4
A1S_2387	MPN_RS02445	25.604	207	141	5	16	214	118	319	5.00e-14	65.9
A1S_2387	MPN_RS00775	40.964	83	49	0	136	218	364	446	1.83e-13	64.3
A1S_2387	MPN_RS00775	33.333	60	40	0	2	61	13	72	5.31e-07	44.7
A1S_2387	MPN_RS01425	25.991	227	145	8	4	212	8	229	3.60e-13	63.5
A1S_2387	MPN_RS01220	26.087	138	99	1	91	225	161	298	5.58e-13	62.8
A1S_2387	MPN_RS03855	21.983	232	168	5	4	230	59	282	1.20e-09	52.4
A1S_2387	MPN_RS01225	25.806	93	69	0	132	224	684	776	1.72e-08	49.7
A1S_2387	MPN_RS03270	26.519	181	114	7	27	206	489	651	5.07e-05	38.9
A1S_2402	MPN_RS02700	26.471	102	70	2	30	131	25	121	3.29e-04	36.2
A1S_2419	MPN_RS00160	29.444	180	118	3	9	188	17	187	7.59e-22	83.2
A1S_2423	MPN_RS02025	33.333	66	43	1	1	65	1	66	4.35e-10	46.6
A1S_2430	MPN_RS01860	25.301	166	91	4	58	202	614	767	8.51e-06	41.6
A1S_2438	MPN_RS02395	41.667	72	29	2	1	59	1	72	2.03e-11	52.0
A1S_2438	MPN_RS03160	54.545	22	10	0	9	30	186	207	1.23e-04	32.7
A1S_2439	MPN_RS02395	37.698	252	137	9	5	254	132	365	1.32e-41	141
A1S_2445	MPN_RS03465	50.000	238	118	1	61	298	92	328	9.12e-83	248
A1S_2445	MPN_RS01075	30.472	233	145	8	54	283	11	229	7.72e-28	103
A1S_2445	MPN_RS01220	26.174	298	153	12	56	297	25	311	7.54e-20	84.0
A1S_2445	MPN_RS00440	31.401	207	121	7	67	267	250	441	1.43e-19	83.2
A1S_2445	MPN_RS01080	29.524	210	138	6	77	283	46	248	7.37e-19	79.7
A1S_2445	MPN_RS03845	28.019	207	134	6	71	274	136	330	9.48e-17	74.3
A1S_2445	MPN_RS02365	28.390	236	153	6	62	290	15	241	8.76e-16	70.5
A1S_2445	MPN_RS01225	33.010	103	67	1	197	297	688	790	3.34e-15	70.5
A1S_2445	MPN_RS01225	33.333	81	46	2	65	142	28	103	6.68e-04	35.8
A1S_2445	MPN_RS00775	31.858	113	75	1	185	295	352	464	4.05e-15	70.1
A1S_2445	MPN_RS00775	29.897	97	58	4	60	155	20	107	1.96e-06	43.5
A1S_2445	MPN_RS00305	29.703	101	69	1	197	295	349	449	1.47e-14	68.6
A1S_2445	MPN_RS00305	33.684	95	53	3	65	158	20	105	3.61e-08	48.9
A1S_2445	MPN_RS00110	26.609	233	146	7	61	285	406	621	5.70e-14	66.6
A1S_2445	MPN_RS02450	24.444	225	144	8	67	285	18	222	1.20e-11	58.5
A1S_2445	MPN_RS02445	25.210	238	153	8	66	294	117	338	2.30e-11	58.5
A1S_2445	MPN_RS03855	26.244	221	118	8	71	274	75	267	5.50e-11	57.0
A1S_2445	MPN_RS00105	25.118	211	133	6	46	240	356	557	1.70e-10	56.2
A1S_2445	MPN_RS01425	20.705	227	152	6	69	280	346	559	8.49e-08	47.8
A1S_2445	MPN_RS01425	21.586	227	145	6	63	271	18	229	7.01e-07	45.1
A1S_2445	MPN_RS01870	21.973	223	145	8	68	282	25	226	3.04e-07	45.8
A1S_2446	MPN_RS03470	30.128	156	104	1	245	395	412	567	3.50e-17	79.0
A1S_2446	MPN_RS03470	27.536	138	95	2	257	390	81	217	1.27e-06	45.4
A1S_2446	MPN_RS00315	24.432	176	118	6	223	389	48	217	2.02e-04	37.7
A1S_2446	MPN_RS01215	26.452	155	103	5	249	398	172	320	5.92e-04	36.6
A1S_2447	MPN_RS03470	26.556	241	155	6	231	458	66	297	4.16e-16	75.5
A1S_2447	MPN_RS03470	29.787	235	133	8	197	415	376	594	8.00e-16	74.3
A1S_2448	MPN_RS03475	26.648	349	191	16	18	336	30	343	5.32e-05	39.3
A1S_2462	MPN_RS00115	24.742	194	125	7	177	366	600	776	1.30e-04	40.4
A1S_2463	MPN_RS01615	31.373	204	130	5	9	206	82	281	5.56e-25	94.7
A1S_2463	MPN_RS03150	24.057	212	128	8	8	195	88	290	8.10e-09	49.3
A1S_2480	MPN_RS02195	28.333	120	79	4	208	323	196	312	1.31e-07	48.1
A1S_2485	MPN_RS00405	35.514	107	66	2	52	157	3	107	4.96e-10	55.1
A1S_2485	MPN_RS00155	35.417	96	60	1	51	146	6	99	5.28e-10	54.7
A1S_2498	MPN_RS03230	45.000	320	171	3	1	319	1	316	4.67e-73	230
A1S_2498	MPN_RS00145	30.827	133	69	2	159	268	1	133	2.44e-17	77.4
A1S_2501	MPN_RS02435	36.176	340	193	11	133	467	10	330	5.39e-61	198
A1S_2504	MPN_RS01190	45.277	667	337	6	7	671	11	651	0.0	579
A1S_2504	MPN_RS02500	30.275	109	70	2	447	554	216	319	8.08e-05	40.0
A1S_2510	MPN_RS02455	35.606	528	308	14	3	510	4	519	8.06e-94	294
A1S_2518	MPN_RS02715	31.915	188	115	7	42	224	4	183	1.27e-18	81.3
A1S_2518	MPN_RS02715	28.144	167	111	5	43	201	183	348	4.72e-10	55.1
A1S_2518	MPN_RS00040	32.479	117	77	2	42	158	220	334	3.04e-09	52.4
A1S_2518	MPN_RS02745	26.627	169	105	5	42	200	23	182	5.85e-09	50.1
A1S_2518	MPN_RS03255	22.680	291	195	10	42	322	6	276	1.06e-08	50.4
A1S_2518	MPN_RS03230	37.500	56	34	1	42	97	162	216	2.52e-04	37.0
A1S_2519	MPN_RS03135	32.456	114	72	1	18	131	31	139	1.16e-18	77.4
A1S_2522	MPN_RS01540	46.221	569	304	2	11	578	4	571	0.0	568
A1S_2522	MPN_RS01270	36.842	190	101	4	6	189	3	179	3.82e-28	114
A1S_2522	MPN_RS01270	22.000	250	163	7	159	387	248	486	2.63e-08	51.2
A1S_2522	MPN_RS03755	26.050	238	148	7	15	232	14	243	4.72e-13	65.9
A1S_2522	MPN_RS00885	24.887	221	140	5	17	230	125	326	5.21e-10	56.6
A1S_2528	MPN_RS00030	36.408	206	117	6	1	198	5	204	2.42e-34	116
A1S_2534	MPN_RS03470	23.377	231	153	6	54	270	70	290	2.19e-07	46.2
A1S_2534	MPN_RS03470	27.619	105	73	1	150	251	502	606	3.06e-06	42.7
A1S_2534	MPN_RS00315	24.138	145	102	4	66	210	82	218	9.33e-06	40.8
A1S_2535	MPN_RS00315	23.353	167	116	6	71	237	75	229	8.65e-04	34.7
A1S_2536	MPN_RS00305	47.368	152	78	1	96	247	310	459	6.01e-42	149
A1S_2536	MPN_RS00305	38.017	121	74	1	3	122	7	127	5.06e-24	97.8
A1S_2536	MPN_RS00775	39.459	185	94	3	112	281	328	509	7.93e-39	140
A1S_2536	MPN_RS00775	53.061	98	46	0	2	99	12	109	5.11e-27	106
A1S_2536	MPN_RS03845	35.784	204	118	5	18	215	133	329	4.24e-36	129
A1S_2536	MPN_RS01075	33.488	215	134	6	18	229	25	233	1.29e-33	120
A1S_2536	MPN_RS00440	31.489	235	141	6	3	224	232	459	2.04e-31	118
A1S_2536	MPN_RS03465	31.416	226	136	7	16	228	97	316	4.54e-30	112
A1S_2536	MPN_RS01080	30.603	232	135	6	9	225	28	248	7.67e-29	108
A1S_2536	MPN_RS03855	32.338	201	121	3	21	215	75	266	2.99e-28	106
A1S_2536	MPN_RS02365	30.151	199	133	2	18	210	21	219	3.99e-21	85.9
A1S_2536	MPN_RS01225	31.073	177	118	3	61	233	608	784	1.24e-20	88.2
A1S_2536	MPN_RS01225	33.784	74	42	2	15	81	28	101	8.78e-05	38.9
A1S_2536	MPN_RS02450	29.767	215	137	5	17	227	18	222	2.87e-20	84.3
A1S_2536	MPN_RS00105	25.893	224	145	6	18	226	383	600	3.01e-19	83.6
A1S_2536	MPN_RS01220	21.799	289	168	6	1	238	29	310	3.21e-19	82.8
A1S_2536	MPN_RS01870	24.779	226	160	4	3	224	7	226	1.24e-17	77.4
A1S_2536	MPN_RS01425	26.923	234	142	6	1	213	4	229	1.35e-17	78.6
A1S_2536	MPN_RS01425	25.000	220	152	6	19	227	346	563	7.59e-11	57.8
A1S_2536	MPN_RS02445	26.442	208	136	7	18	215	119	319	3.68e-14	67.4
A1S_2536	MPN_RS00110	28.169	213	132	10	18	220	413	614	1.22e-11	60.5
A1S_2536	MPN_RS03520	28.431	204	112	9	86	275	439	622	1.30e-06	44.7
A1S_2536	MPN_RS03270	26.667	150	86	6	35	179	494	624	2.90e-05	40.4
A1S_2561	MPN_RS00110	27.122	483	310	14	241	700	147	610	5.12e-40	150
A1S_2561	MPN_RS00105	33.778	225	136	4	488	699	365	589	2.33e-26	108
A1S_2561	MPN_RS01075	31.416	226	143	7	480	700	2	220	5.80e-24	97.1
A1S_2561	MPN_RS03465	31.489	235	136	8	484	701	79	305	7.61e-21	89.0
A1S_2561	MPN_RS00440	28.780	205	130	7	504	699	250	447	2.90e-17	79.7
A1S_2561	MPN_RS03845	25.100	251	168	7	468	705	92	335	2.96e-17	78.6
A1S_2561	MPN_RS02365	26.786	224	151	5	489	703	9	228	3.85e-17	76.3
A1S_2561	MPN_RS01080	29.717	212	134	7	501	701	33	240	3.21e-14	68.9
A1S_2561	MPN_RS02450	29.730	222	137	6	488	701	2	212	1.05e-12	63.5
A1S_2561	MPN_RS00305	41.463	82	45	3	505	585	23	102	6.92e-12	62.8
A1S_2561	MPN_RS00305	38.947	95	47	4	618	701	335	429	4.53e-08	50.8
A1S_2561	MPN_RS03855	26.699	206	137	5	504	702	71	269	7.81e-12	61.2
A1S_2561	MPN_RS02445	29.864	221	120	10	504	704	118	323	7.93e-12	62.0
A1S_2561	MPN_RS01870	27.119	177	108	3	504	673	24	186	1.20e-11	61.2
A1S_2561	MPN_RS01225	40.741	81	43	2	626	701	688	768	3.50e-10	57.8
A1S_2561	MPN_RS00775	35.443	79	46	2	626	699	364	442	1.69e-09	55.5
A1S_2561	MPN_RS00775	27.358	106	72	3	481	585	6	107	1.44e-07	49.3
A1S_2561	MPN_RS01425	25.758	198	126	5	508	688	26	219	1.44e-07	48.9
A1S_2561	MPN_RS01220	35.000	80	47	2	626	700	209	288	4.96e-06	43.9
A1S_2566	MPN_RS03510	39.130	46	28	0	47	92	85	130	1.33e-04	37.4
A1S_2587	MPN_RS03085	23.980	196	113	6	1	180	1	176	2.50e-10	52.8
A1S_2588	MPN_RS03090	33.557	298	189	3	22	318	8	297	3.32e-67	208
A1S_2588	MPN_RS03515	34.066	91	51	5	21	110	10	92	2.83e-04	37.0
A1S_2588	MPN_RS03790	35.385	65	33	2	25	89	243	298	4.82e-04	36.2
A1S_2588	MPN_RS00440	36.111	72	38	2	50	117	259	326	6.20e-04	35.8
A1S_2597	MPN_RS01985	28.767	146	97	4	113	251	93	238	7.51e-09	49.7
A1S_2603	MPN_RS03860	27.407	135	80	5	43	159	138	272	2.37e-05	39.3
A1S_2606	MPN_RS03125	25.203	123	90	2	68	189	70	191	6.34e-06	40.4
A1S_2610	MPN_RS02540	27.979	193	98	6	261	449	118	273	1.98e-05	42.0
A1S_2611	MPN_RS00440	36.530	219	134	3	5	222	231	445	4.33e-48	159
A1S_2611	MPN_RS03845	34.361	227	132	3	4	222	110	327	1.46e-40	137
A1S_2611	MPN_RS03855	29.167	216	144	2	9	222	56	264	1.14e-32	115
A1S_2611	MPN_RS01075	30.882	204	134	5	20	222	20	217	1.23e-25	96.3
A1S_2611	MPN_RS01080	30.332	211	137	6	21	225	33	239	8.25e-23	89.0
A1S_2611	MPN_RS01425	25.410	244	145	5	1	222	1	229	1.73e-20	84.3
A1S_2611	MPN_RS01425	23.762	202	140	4	26	216	346	544	6.12e-09	50.4
A1S_2611	MPN_RS02445	33.180	217	128	9	15	222	109	317	8.24e-20	81.6
A1S_2611	MPN_RS01220	23.792	269	158	6	4	225	20	288	1.01e-19	81.6
A1S_2611	MPN_RS02365	24.762	210	138	3	24	221	20	221	2.03e-19	79.0
A1S_2611	MPN_RS01870	23.744	219	157	5	5	222	6	215	1.03e-18	78.2
A1S_2611	MPN_RS00105	28.090	178	109	4	18	181	376	548	1.77e-18	78.6
A1S_2611	MPN_RS03465	28.139	231	146	10	3	222	80	301	5.11e-17	73.6
A1S_2611	MPN_RS00775	35.052	97	62	1	127	222	344	440	1.09e-16	73.2
A1S_2611	MPN_RS00775	31.667	120	70	3	2	121	9	116	2.39e-13	63.5
A1S_2611	MPN_RS01225	42.683	82	46	1	131	211	671	752	3.46e-16	72.0
A1S_2611	MPN_RS01225	28.205	117	73	4	28	139	34	144	1.99e-04	36.6
A1S_2611	MPN_RS00305	30.986	142	92	3	82	222	289	425	3.34e-14	65.9
A1S_2611	MPN_RS00305	30.556	144	84	5	3	143	4	134	1.40e-13	63.9
A1S_2611	MPN_RS02450	30.693	202	124	5	25	222	19	208	2.63e-13	62.4
A1S_2611	MPN_RS00110	26.214	206	135	6	24	222	412	607	4.95e-13	62.4
A1S_2611	MPN_RS03520	30.108	93	61	3	130	219	477	568	5.21e-05	38.5
A1S_2611	MPN_RS03270	25.000	184	120	6	40	223	492	657	1.06e-04	37.4
A1S_2626	MPN_RS00020	42.263	866	427	11	1	864	15	809	0.0	653
A1S_2626	MPN_RS00020	26.415	106	74	2	768	870	510	614	4.67e-06	44.7
A1S_2626	MPN_RS00700	31.875	800	462	19	10	784	12	753	6.47e-117	370
A1S_2633	MPN_RS01790	21.374	262	187	7	248	492	218	477	1.41e-07	48.1
A1S_2636	MPN_RS01530	29.254	335	214	10	1	320	157	483	4.62e-32	119
A1S_2636	MPN_RS00240	25.000	152	92	7	14	154	135	275	1.20e-04	38.1
A1S_2653	MPN_RS02275	33.803	142	91	3	1	140	3	143	5.06e-14	61.2
A1S_2661	MPN_RS02385	36.066	61	39	0	34	94	2	62	5.63e-05	38.9
A1S_2664	MPN_RS03280	42.831	537	295	2	3	528	2	537	7.09e-150	436
A1S_2665	MPN_RS03285	28.125	96	63	3	4	93	3	98	4.47e-05	34.7
A1S_2670	MPN_RS00265	49.701	501	246	4	6	500	5	505	9.38e-180	509
A1S_2674	MPN_RS00090	31.502	273	164	6	5	272	3	257	8.22e-33	116
A1S_2681	MPN_RS03790	46.094	512	257	8	102	604	172	673	3.02e-146	436
A1S_2681	MPN_RS01860	27.805	205	122	9	152	342	340	532	9.87e-06	43.1
A1S_2681	MPN_RS03090	30.612	98	48	3	171	262	19	102	1.65e-04	38.5
A1S_2688	MPN_RS02275	39.437	142	83	1	6	144	8	149	1.66e-26	93.6
A1S_2698	MPN_RS02985	36.686	169	80	6	2	156	6	161	2.11e-31	106
A1S_2706	MPN_RS01970	49.398	249	114	6	387	625	246	492	6.04e-72	235
A1S_2716	MPN_RS02200	28.000	225	158	3	169	390	172	395	1.09e-29	113
A1S_2717	MPN_RS02195	33.790	438	265	12	4	434	2	421	3.42e-60	199
A1S_2717	MPN_RS02215	25.292	257	169	9	181	420	168	418	1.58e-11	60.5
A1S_2720	MPN_RS01460	26.979	341	226	11	11	334	6	340	3.26e-26	102
A1S_2726	MPN_RS00025	50.187	267	129	3	6	271	148	411	1.76e-87	262
A1S_2730	MPN_RS01835	57.143	70	30	0	1	70	15	84	2.73e-23	80.9
A1S_2731	MPN_RS01825	40.404	99	55	1	1	99	1	95	5.21e-19	70.5
A1S_2742	MPN_RS02740	33.289	754	406	15	1	752	42	700	2.85e-143	437
A1S_2742	MPN_RS02980	23.493	813	429	28	4	728	56	763	1.93e-35	139
A1S_2742	MPN_RS02160	22.256	656	321	29	1	554	37	605	4.29e-15	73.9
A1S_2742	MPN_RS00130	24.638	138	78	5	3	138	9	122	0.001	37.0
A1S_2765	MPN_RS00175	28.261	46	33	0	149	194	63	108	1.63e-04	35.4
A1S_2781	MPN_RS02455	27.570	214	126	8	14	201	9	219	4.88e-13	64.7
A1S_2782	MPN_RS01315	25.974	77	56	1	12	87	391	467	5.06e-05	35.4
A1S_2783	MPN_RS01320	34.286	420	259	7	62	470	51	464	1.55e-73	235
A1S_2784	MPN_RS01325	31.470	483	309	12	12	488	3	469	4.39e-74	236
A1S_2819	MPN_RS03175	27.885	104	67	3	439	542	437	532	1.05e-06	45.8
A1S_2819	MPN_RS02280	29.808	104	65	4	68	165	78	179	4.03e-05	40.8
A1S_2819	MPN_RS02280	20.472	127	86	2	426	537	235	361	3.32e-04	37.7
A1S_2819	MPN_RS00025	20.382	157	117	3	60	212	179	331	6.44e-04	37.0
A1S_2831	MPN_RS02140	30.108	279	177	8	1	266	1	274	1.03e-35	124
A1S_2835	MPN_RS01540	28.046	517	288	20	5	480	4	477	8.97e-37	140
A1S_2835	MPN_RS01270	39.583	144	77	3	3	143	6	142	3.86e-24	101
A1S_2835	MPN_RS01270	24.775	222	142	5	210	430	304	501	1.62e-11	61.6
A1S_2835	MPN_RS01270	26.506	83	60	1	406	488	599	680	6.84e-04	37.0
A1S_2835	MPN_RS03755	28.671	286	182	10	9	288	14	283	5.53e-20	87.0
A1S_2835	MPN_RS00885	33.784	148	75	3	10	155	124	250	6.36e-15	72.4
A1S_2837	MPN_RS02035	25.893	112	74	2	164	272	81	186	2.83e-04	37.0
A1S_2862	MPN_RS01185	39.695	786	418	9	67	850	67	798	0.0	548
A1S_2879	MPN_RS02385	30.594	219	131	6	3	209	7	216	1.17e-17	74.3
A1S_2879	MPN_RS03245	34.000	50	33	0	3	52	6	55	1.47e-04	36.6
A1S_2894	MPN_RS00240	35.294	595	293	13	6	573	14	543	1.74e-120	363
A1S_2894	MPN_RS01395	25.191	262	151	9	16	258	18	253	1.74e-15	73.6
A1S_2894	MPN_RS01395	30.667	75	48	1	483	557	378	448	3.09e-04	37.7
A1S_2894	MPN_RS01530	25.316	316	193	12	4	306	35	320	4.41e-14	69.3
A1S_2894	MPN_RS01530	29.630	162	104	4	405	559	328	486	1.09e-11	61.6
A1S_2900	MPN_RS00405	27.273	121	65	5	7	109	4	119	1.97e-06	42.7
A1S_2900	MPN_RS00155	36.000	50	26	2	7	50	8	57	8.25e-04	34.7
A1S_2930	MPN_RS00040	28.000	125	83	4	6	129	220	338	4.51e-04	37.4
A1S_2930	MPN_RS02715	26.519	181	110	10	6	176	4	171	7.31e-04	36.6
A1S_2939	MPN_RS01180	26.252	579	337	20	239	736	82	651	3.01e-36	141
A1S_3854	MPN_RS00120	33.333	48	32	0	303	350	17	64	7.06e-05	38.9
A1S_2948	MPN_RS01450	29.167	48	34	0	4	51	55	102	2.02e-04	31.2
A1S_2949	MPN_RS01450	48.718	39	20	0	52	90	17	55	2.24e-11	50.8
A1S_2950	MPN_RS03360	38.000	50	28	1	31	77	381	430	4.74e-05	39.3
A1S_2952	MPN_RS02195	26.754	456	322	6	12	462	3	451	8.66e-40	144
A1S_2960	MPN_RS02455	49.840	624	273	9	4	624	8	594	0.0	571
A1S_2974	MPN_RS03795	36.145	166	104	1	6	171	5	168	9.93e-40	128
A1S_2979	MPN_RS00040	29.730	481	269	11	1	451	1	442	7.74e-64	207
A1S_2979	MPN_RS02715	37.374	99	56	2	217	312	180	275	7.80e-13	64.7
A1S_2979	MPN_RS02715	26.627	169	112	4	219	378	4	169	2.27e-08	50.4
A1S_2979	MPN_RS03255	29.787	141	78	7	215	343	2	133	6.20e-05	39.3
A1S_2979	MPN_RS03710	35.616	73	39	2	207	274	103	172	2.71e-04	37.4
A1S_2979	MPN_RS03230	26.087	161	100	8	218	362	161	318	5.21e-04	36.6
A1S_2984	MPN_RS03840	65.909	44	15	0	1	44	1	44	4.55e-15	56.6
A1S_2991	MPN_RS03230	28.030	132	83	4	199	322	159	286	1.08e-05	42.0
A1S_2991	MPN_RS02715	27.000	200	114	9	201	378	3	192	4.58e-04	37.0
A1S_2998	MPN_RS03825	36.199	221	131	6	18	237	8	219	1.76e-32	115
A1S_3000	MPN_RS03510	38.406	138	85	0	4	141	7	144	1.23e-36	118
A1S_3001	MPN_RS03505	45.238	126	67	1	5	128	7	132	4.44e-30	100
A1S_3025	MPN_RS03805	25.000	312	208	13	3	308	2	293	5.68e-08	48.1
A1S_3031	MPN_RS03260	25.000	92	65	1	41	132	43	130	9.76e-05	35.4
A1S_3045	MPN_RS01350	30.057	529	355	6	199	714	200	726	5.21e-75	253
A1S_3055	MPN_RS01070	37.391	115	66	1	9	117	6	120	4.58e-17	67.0
A1S_3056	MPN_RS01065	32.013	303	180	7	30	312	29	325	3.84e-44	149
A1S_3057	MPN_RS02515	39.614	207	118	4	3	208	2	202	3.98e-43	139
A1S_3058	MPN_RS01060	46.218	119	64	0	9	127	3	121	1.04e-37	119
A1S_3059	MPN_RS01055	53.448	116	54	0	1	116	1	116	7.52e-42	129
A1S_3060	MPN_RS01050	60.526	38	14	1	1	38	1	37	2.23e-11	46.6
A1S_3061	MPN_RS01030	35.371	458	250	13	13	443	11	449	7.27e-68	219
A1S_3062	MPN_RS01025	40.541	148	82	4	3	145	1	147	4.06e-27	94.4
A1S_3064	MPN_RS01020	42.105	152	88	0	9	160	68	219	8.65e-41	132
A1S_3065	MPN_RS01015	43.333	90	48	1	27	116	30	116	1.44e-10	49.7
A1S_3066	MPN_RS01010	43.258	178	98	2	1	175	1	178	3.53e-45	142
A1S_3067	MPN_RS01005	51.163	129	60	2	5	130	13	141	1.43e-40	127
A1S_3068	MPN_RS01000	39.216	51	29	1	51	101	13	61	3.79e-07	38.9
A1S_3069	MPN_RS00995	52.727	165	78	0	1	165	1	165	5.92e-67	197
A1S_3070	MPN_RS00990	38.393	112	57	5	1	101	1	111	1.65e-14	59.3
A1S_3071	MPN_RS00985	54.918	122	55	0	1	122	1	122	2.35e-44	136
A1S_3072	MPN_RS00980	42.857	84	47	1	1	83	1	84	3.22e-16	62.4
A1S_3073	MPN_RS00975	39.062	64	35	2	4	65	5	66	7.30e-07	38.1
A1S_3074	MPN_RS00970	44.776	134	74	0	1	134	1	134	1.65e-35	115
A1S_3075	MPN_RS00965	43.089	246	133	4	1	242	1	243	1.36e-60	187
A1S_3076	MPN_RS00960	51.042	96	47	0	12	107	12	107	6.31e-26	90.1
A1S_3077	MPN_RS00950	50.196	255	120	5	25	272	29	283	1.27e-79	237
A1S_3078	MPN_RS00945	36.782	87	51	3	6	89	3	88	4.71e-06	38.5
A1S_3079	MPN_RS00940	35.028	177	101	5	11	179	18	188	2.44e-25	93.2
A1S_3080	MPN_RS00935	38.942	208	119	3	4	207	5	208	3.39e-44	144
A1S_3081	MPN_RS00930	33.333	96	64	0	6	101	12	107	1.45e-20	74.7
A1S_3087	MPN_RS02745	47.748	111	55	2	43	153	2	109	9.39e-28	100
A1S_3087	MPN_RS00040	29.412	102	56	3	62	157	218	309	0.001	34.7
A1S_3095	MPN_RS01190	26.364	110	73	3	487	592	458	563	4.56e-05	41.2
A1S_3095	MPN_RS02500	22.535	71	54	1	505	575	240	309	5.61e-04	37.4
A1S_3103	MPN_RS03465	33.594	256	149	8	1	240	62	312	1.18e-39	135
A1S_3103	MPN_RS01080	31.474	251	157	8	1	240	1	247	1.64e-30	111
A1S_3103	MPN_RS00440	33.645	214	129	5	35	246	254	456	3.80e-29	110
A1S_3103	MPN_RS03845	33.990	203	127	4	31	231	132	329	1.22e-26	101
A1S_3103	MPN_RS01075	29.046	241	160	6	12	249	5	237	4.68e-26	98.6
A1S_3103	MPN_RS00775	38.596	114	65	1	13	126	9	117	3.25e-24	96.7
A1S_3103	MPN_RS00775	38.806	134	73	4	127	257	341	468	7.25e-20	84.0
A1S_3103	MPN_RS00305	35.862	145	90	2	103	246	298	440	1.13e-22	92.0
A1S_3103	MPN_RS00305	36.441	118	66	4	11	125	1	112	5.76e-16	72.4
A1S_3103	MPN_RS01220	25.692	253	141	6	35	240	44	296	2.53e-19	81.6
A1S_3103	MPN_RS02445	30.612	245	138	10	9	235	86	316	5.65e-17	74.7
A1S_3103	MPN_RS03855	28.230	209	135	6	28	231	68	266	1.55e-16	72.8
A1S_3103	MPN_RS02450	23.897	272	175	9	16	275	1	252	3.78e-16	71.2
A1S_3103	MPN_RS02365	27.094	203	128	3	33	223	22	216	3.03e-15	68.6
A1S_3103	MPN_RS00105	24.206	252	163	7	17	249	365	607	8.83e-15	68.9
A1S_3103	MPN_RS01870	22.650	234	169	5	11	240	1	226	1.42e-13	64.3
A1S_3103	MPN_RS01225	28.926	121	84	2	137	255	671	791	1.90e-13	65.1
A1S_3103	MPN_RS01425	23.214	224	147	8	23	229	14	229	5.68e-13	63.2
A1S_3103	MPN_RS01425	25.103	243	149	10	8	231	324	552	1.88e-09	52.8
A1S_3103	MPN_RS00110	23.346	257	164	10	4	240	375	618	1.34e-11	59.3
A1S_3103	MPN_RS03520	28.488	172	99	8	105	257	439	605	5.39e-06	42.0
A1S_3103	MPN_RS03270	38.636	44	27	0	46	89	491	534	1.03e-04	38.1
A1S_3104	MPN_RS03540	31.034	406	244	11	1	396	1	380	5.66e-50	174
A1S_3104	MPN_RS02500	24.843	318	195	12	47	357	39	319	9.25e-18	80.5
A1S_3106	MPN_RS02210	38.710	62	36	1	133	194	142	201	1.80e-06	45.1
A1S_3106	MPN_RS00445	26.070	257	139	10	359	594	389	615	5.24e-04	37.4
A1S_3161	MPN_RS03720	44.737	114	62	1	3	116	5	117	2.41e-33	108
A1S_3162	MPN_RS03725	39.076	238	136	3	1	238	1	229	4.93e-52	164
A1S_3164	MPN_RS03730	38.028	71	42	1	23	93	2	70	1.50e-12	53.5
A1S_3170	MPN_RS01365	38.251	183	111	2	2	182	4	186	2.51e-40	131
A1S_3172	MPN_RS02230	23.473	622	422	16	29	610	40	647	9.12e-37	142
A1S_3206	MPN_RS01775	36.721	305	183	6	3	301	7	307	7.24e-58	183
A1S_3209	MPN_RS03820	62.500	48	18	0	2	49	3	50	1.33e-16	67.0
A1S_3210	MPN_RS03820	29.697	330	202	8	10	320	126	444	2.65e-43	152
A1S_3221	MPN_RS02445	30.049	203	118	5	338	518	118	318	1.37e-14	70.1
A1S_3221	MPN_RS02445	22.831	219	150	5	20	236	117	318	1.25e-07	48.5
A1S_3221	MPN_RS03845	27.354	223	127	7	21	235	132	327	2.08e-14	69.3
A1S_3221	MPN_RS03845	24.242	198	128	6	338	516	132	326	4.64e-10	55.8
A1S_3221	MPN_RS02365	20.779	231	138	6	321	517	3	222	1.55e-13	65.5
A1S_3221	MPN_RS02365	25.439	228	126	7	21	232	20	219	2.28e-10	55.8
A1S_3221	MPN_RS03465	25.943	212	120	8	19	217	96	283	2.14e-13	66.2
A1S_3221	MPN_RS03465	21.918	219	146	7	323	516	82	300	1.16e-06	45.1
A1S_3221	MPN_RS01075	27.895	190	110	6	332	500	18	201	5.60e-13	64.3
A1S_3221	MPN_RS01075	22.897	214	113	6	21	218	24	201	8.04e-10	54.7
A1S_3221	MPN_RS00440	25.000	200	127	5	323	500	231	429	2.18e-12	63.9
A1S_3221	MPN_RS00440	26.255	259	129	10	4	243	238	453	1.01e-11	61.6
A1S_3221	MPN_RS01080	25.322	233	138	6	317	518	10	237	7.10e-12	61.2
A1S_3221	MPN_RS01080	27.273	231	140	8	20	241	35	246	7.10e-12	61.2
A1S_3221	MPN_RS02450	26.415	212	103	7	22	218	19	192	1.01e-11	60.5
A1S_3221	MPN_RS02450	28.249	177	107	6	340	500	20	192	3.05e-05	40.4
A1S_3221	MPN_RS01425	26.699	206	117	7	326	499	8	211	1.17e-11	61.6
A1S_3221	MPN_RS01425	21.374	524	323	18	24	488	25	518	1.54e-11	61.2
A1S_3221	MPN_RS01425	22.078	231	145	9	23	243	346	551	4.52e-04	37.4
A1S_3221	MPN_RS00775	33.766	77	47	1	163	235	364	440	1.20e-10	58.5
A1S_3221	MPN_RS00775	35.088	57	37	0	324	380	13	69	6.61e-07	46.6
A1S_3221	MPN_RS00110	26.214	206	122	8	334	516	408	606	4.91e-10	56.6
A1S_3221	MPN_RS01220	21.875	256	151	8	20	235	39	285	8.65e-09	52.4
A1S_3221	MPN_RS01220	31.707	82	41	4	431	500	190	268	2.82e-04	37.7
A1S_3221	MPN_RS03855	19.212	203	148	4	329	516	62	263	1.70e-08	50.8
A1S_3221	MPN_RS03855	32.500	80	49	2	160	235	186	264	1.42e-07	47.8
A1S_3221	MPN_RS00305	44.262	61	30	1	163	219	349	409	4.68e-08	50.1
A1S_3221	MPN_RS00305	27.419	62	44	1	323	383	6	67	3.44e-06	44.3
A1S_3221	MPN_RS00305	26.316	133	81	3	22	144	23	148	7.22e-05	40.0
A1S_3221	MPN_RS01225	31.169	77	49	1	163	235	688	764	2.11e-07	48.1
A1S_3221	MPN_RS00105	24.123	228	142	7	19	235	380	587	3.61e-07	47.4
A1S_3221	MPN_RS00105	22.124	226	140	8	297	493	345	563	1.09e-05	42.7
A1S_3221	MPN_RS01870	24.457	184	112	10	323	487	6	181	2.48e-06	44.3
A1S_3221	MPN_RS01870	35.556	45	29	0	18	62	21	65	5.24e-04	37.0
A1S_3221	MPN_RS01870	37.143	35	22	0	163	197	139	173	8.04e-04	36.2
A1S_3221	MPN_RS03520	34.146	82	47	4	445	520	836	916	1.18e-04	39.3
A1S_3295	MPN_RS03520	51.883	956	432	12	2	943	7	948	0.0	970
A1S_3295	MPN_RS03520	32.500	120	71	2	610	719	2	121	2.93e-10	58.5
A1S_3295	MPN_RS01425	27.692	130	86	3	805	929	122	248	1.74e-08	52.8
A1S_3295	MPN_RS01080	28.788	132	82	4	815	943	144	266	3.98e-08	50.4
A1S_3295	MPN_RS01080	26.415	106	69	3	469	570	142	242	5.33e-07	47.0
A1S_3295	MPN_RS02445	29.240	171	91	8	470	638	225	367	3.36e-07	48.1
A1S_3295	MPN_RS02445	35.484	93	55	3	815	906	226	314	2.22e-05	42.4
A1S_3295	MPN_RS01220	37.363	91	51	3	810	897	185	272	5.50e-07	47.4
A1S_3295	MPN_RS03855	35.366	82	49	2	826	906	183	261	1.34e-06	45.8
A1S_3295	MPN_RS03855	29.670	91	51	4	488	575	189	269	4.37e-04	37.7
A1S_3295	MPN_RS01075	31.579	95	56	2	832	926	143	228	2.86e-06	44.7
A1S_3295	MPN_RS01075	26.667	90	64	1	481	570	136	223	7.11e-06	43.5
A1S_3295	MPN_RS02365	29.870	77	49	3	832	906	146	219	1.21e-05	42.4
A1S_3295	MPN_RS01225	33.708	89	55	2	813	900	669	754	5.39e-05	41.6
A1S_3295	MPN_RS03465	27.184	103	64	4	825	926	220	312	9.85e-05	40.0
A1S_3295	MPN_RS03465	26.271	118	78	3	480	596	219	328	1.27e-04	39.7
A1S_3295	MPN_RS00440	28.814	118	76	5	813	929	352	462	3.01e-04	38.9
A1S_3295	MPN_RS03845	30.233	86	57	2	488	572	252	335	3.44e-04	38.5
A1S_3316	MPN_RS02030	37.329	292	155	9	18	290	48	330	4.06e-51	167
A1S_3320	MPN_RS00365	23.276	348	218	10	4	312	45	382	2.81e-15	72.4
A1S_3327	MPN_RS02200	29.534	193	135	1	469	660	207	399	4.87e-28	111
A1S_3327	MPN_RS02200	44.776	67	35	1	2	66	4	70	1.04e-09	55.5
A1S_3327	MPN_RS02200	45.902	61	33	0	125	185	13	73	7.16e-09	52.8
A1S_3328	MPN_RS00445	23.980	196	137	8	101	289	20	210	3.20e-05	42.0
A1S_3331	MPN_RS01785	29.524	210	131	5	19	221	19	218	2.89e-23	95.1
A1S_3359	MPN_RS00015	36.589	645	385	12	4	628	10	650	7.12e-134	402
A1S_3359	MPN_RS00695	36.755	604	361	12	4	592	5	602	2.91e-127	384
A1S_3427	MPN_RS03515	26.423	246	135	9	8	216	5	241	1.15e-09	54.7
A1S_3427	MPN_RS03790	25.758	198	116	9	45	223	264	449	1.44e-06	45.1
A1S_3427	MPN_RS03090	26.718	131	64	6	14	127	8	123	1.81e-06	43.9
A1S_3427	MPN_RS01860	26.882	93	49	2	43	118	373	463	1.45e-04	38.5
A1S_3427	MPN_RS03060	27.083	144	66	6	20	130	34	171	8.42e-04	36.2
A1S_3431	MPN_RS01510	27.523	109	75	1	1	105	7	115	1.27e-13	58.2
A1S_3443	MPN_RS00120	37.097	372	200	10	3	346	5	370	9.02e-63	201
A1S_3443	MPN_RS00675	53.846	91	35	3	2	88	4	91	7.38e-23	95.1
A1S_3443	MPN_RS00010	41.270	63	34	1	7	69	4	63	1.14e-09	53.5
A1S_3456	MPN_RS03125	22.581	310	223	5	1	307	2	297	2.26e-30	112
