MPN_RS00025	SACI_RS07555	34.107	431	258	7	7	412	9	438	7.91e-69	221
MPN_RS00030	SACI_RS09755	27.778	144	97	3	3	146	2	138	1.06e-11	58.2
MPN_RS00030	SACI_RS04265	26.712	146	92	6	7	149	4	137	3.95e-10	53.1
MPN_RS00045	SACI_RS06185	26.923	260	153	11	3	260	2	226	4.98e-12	60.1
MPN_RS00045	SACI_RS00470	25.194	258	170	11	3	258	2	238	8.81e-11	56.6
MPN_RS00085	SACI_RS03605	24.876	201	127	4	73	264	71	256	1.77e-13	65.1
MPN_RS00085	SACI_RS04745	21.260	127	96	2	142	265	101	226	1.19e-08	50.8
MPN_RS00085	SACI_RS07740	26.601	203	120	10	73	263	67	252	5.93e-06	42.7
MPN_RS00105	SACI_RS10265	26.223	511	341	7	120	619	209	694	1.85e-44	166
MPN_RS00105	SACI_RS01255	28.502	207	121	7	386	585	1	187	1.01e-20	87.8
MPN_RS00105	SACI_RS05555	25.551	227	148	6	381	603	24	233	2.56e-15	73.9
MPN_RS00105	SACI_RS04940	27.935	247	139	9	383	601	28	263	5.62e-14	70.1
MPN_RS00105	SACI_RS06195	23.982	221	139	7	383	598	19	215	6.76e-13	64.7
MPN_RS00105	SACI_RS07320	24.766	214	129	7	383	589	20	208	5.79e-11	58.9
MPN_RS00105	SACI_RS08670	23.445	209	135	6	391	590	29	221	1.13e-10	60.1
MPN_RS00105	SACI_RS03505	25.532	235	119	8	368	592	5	193	1.71e-10	58.2
MPN_RS00105	SACI_RS08440	26.244	221	128	9	386	589	24	226	2.41e-10	58.2
MPN_RS00105	SACI_RS10250	26.977	215	134	9	383	589	20	219	2.59e-10	57.4
MPN_RS00105	SACI_RS01905	26.012	173	102	6	383	552	46	195	3.28e-10	57.4
MPN_RS00105	SACI_RS04805	26.852	216	140	7	386	598	20	220	6.76e-10	57.0
MPN_RS00105	SACI_RS08115	25.294	170	108	5	384	552	25	176	2.50e-09	54.7
MPN_RS00105	SACI_RS04520	25.909	220	134	10	378	589	17	215	2.83e-09	54.3
MPN_RS00105	SACI_RS08435	28.249	177	96	6	391	552	40	200	4.83e-09	54.3
MPN_RS00105	SACI_RS06640	23.429	175	114	6	378	545	14	175	3.66e-08	50.8
MPN_RS00105	SACI_RS04905	26.994	163	104	3	383	545	18	165	2.16e-07	48.9
MPN_RS00105	SACI_RS08615	21.888	233	155	8	383	606	21	235	5.91e-07	47.8
MPN_RS00105	SACI_RS09665	25.146	171	100	6	380	547	15	160	8.95e-07	46.6
MPN_RS00105	SACI_RS05825	23.077	208	121	5	383	590	16	184	7.99e-06	43.5
MPN_RS00105	SACI_RS04945	31.250	96	56	3	497	589	275	363	8.70e-06	44.3
MPN_RS00105	SACI_RS11155	23.636	220	128	9	379	587	13	203	8.81e-06	43.9
MPN_RS00105	SACI_RS03525	29.268	82	56	1	371	452	4	83	3.06e-05	42.0
MPN_RS00110	SACI_RS10265	27.256	532	375	3	103	633	168	688	1.86e-67	232
MPN_RS00110	SACI_RS06640	30.544	239	140	9	410	630	16	246	1.73e-17	78.6
MPN_RS00110	SACI_RS08615	28.169	213	136	5	413	618	21	223	3.16e-16	75.9
MPN_RS00110	SACI_RS08440	27.679	224	137	8	413	619	21	236	5.56e-15	72.4
MPN_RS00110	SACI_RS07320	27.876	226	139	8	413	630	20	229	8.37e-15	70.5
MPN_RS00110	SACI_RS01905	27.753	227	134	9	406	621	39	246	2.56e-14	69.7
MPN_RS00110	SACI_RS09475	26.977	215	133	7	410	623	14	205	2.93e-13	66.6
MPN_RS00110	SACI_RS03525	27.670	206	126	7	411	609	14	203	4.53e-13	65.9
MPN_RS00110	SACI_RS01255	28.000	200	121	8	416	605	1	187	1.71e-12	63.5
MPN_RS00110	SACI_RS04520	26.906	223	134	9	412	621	21	227	2.27e-12	63.5
MPN_RS00110	SACI_RS11155	25.561	223	140	7	408	621	12	217	2.60e-12	63.9
MPN_RS00110	SACI_RS04805	28.378	222	129	8	416	623	20	225	3.33e-12	63.9
MPN_RS00110	SACI_RS04940	26.271	236	131	9	420	620	35	262	1.31e-11	62.8
MPN_RS00110	SACI_RS05825	23.445	209	127	6	412	618	15	192	1.33e-11	60.5
MPN_RS00110	SACI_RS10250	28.910	211	127	10	413	610	20	220	1.80e-11	60.8
MPN_RS00110	SACI_RS05555	22.705	207	130	8	412	600	25	219	4.74e-11	60.8
MPN_RS00110	SACI_RS03205	26.630	184	102	6	419	594	364	522	7.24e-11	60.8
MPN_RS00110	SACI_RS03205	22.439	205	128	4	421	608	97	287	5.29e-05	42.0
MPN_RS00110	SACI_RS08670	25.926	216	141	7	404	609	14	220	1.76e-10	59.3
MPN_RS00110	SACI_RS08670	24.812	266	158	12	378	626	274	514	1.96e-08	52.8
MPN_RS00110	SACI_RS06195	26.638	229	135	10	398	618	12	215	1.77e-10	57.8
MPN_RS00110	SACI_RS08435	25.893	224	132	10	420	620	39	251	4.29e-10	57.4
MPN_RS00110	SACI_RS08115	24.719	178	119	5	416	589	27	193	5.04e-08	50.8
MPN_RS00110	SACI_RS03505	23.043	230	131	7	400	618	5	199	1.03e-07	49.7
MPN_RS00110	SACI_RS09665	20.455	220	152	7	408	622	13	214	2.86e-07	48.1
MPN_RS00110	SACI_RS04945	34.831	89	55	2	534	619	285	373	1.04e-06	47.4
MPN_RS00110	SACI_RS04200	26.852	216	121	10	420	624	10	199	2.23e-06	46.2
MPN_RS00110	SACI_RS04905	24.186	215	128	7	413	611	18	213	2.65e-05	42.4
MPN_RS00110	SACI_RS07080	23.077	143	95	4	425	565	27	156	1.19e-04	39.7
MPN_RS00110	SACI_RS02545	20.976	205	140	6	412	611	19	206	2.23e-04	38.9
MPN_RS00125	SACI_RS09370	31.132	106	72	1	16	120	14	119	5.07e-09	50.1
MPN_RS00130	SACI_RS07355	23.643	571	348	21	3	512	2	545	1.94e-31	124
MPN_RS00130	SACI_RS06840	23.741	139	92	3	6	130	72	210	6.05e-07	48.1
MPN_RS00130	SACI_RS06840	20.364	275	202	7	223	496	491	749	1.10e-06	47.0
MPN_RS00130	SACI_RS02845	25.683	183	104	7	2	162	37	209	1.67e-06	46.6
MPN_RS00130	SACI_RS02845	38.095	42	26	0	289	330	582	623	1.76e-04	40.0
MPN_RS00130	SACI_RS01825	30.841	107	62	4	246	348	573	671	4.43e-06	45.1
MPN_RS00145	SACI_RS02940	31.624	234	129	5	1	208	1	229	1.48e-27	108
MPN_RS00145	SACI_RS07660	52.778	36	17	0	6	41	162	197	1.22e-05	42.4
MPN_RS00155	SACI_RS01340	29.915	117	80	1	7	121	43	159	4.63e-10	55.8
MPN_RS00175	SACI_RS11020	27.928	111	72	4	2	108	4	110	3.22e-07	42.4
MPN_RS00180	SACI_RS03325	34.483	203	120	4	14	204	15	216	4.52e-32	112
MPN_RS00235	SACI_RS03160	29.551	423	267	12	1	402	1	413	6.81e-43	152
MPN_RS00240	SACI_RS03680	33.597	253	157	6	14	258	5	254	9.66e-32	123
MPN_RS00240	SACI_RS03680	33.721	86	57	0	445	530	339	424	3.55e-15	73.6
MPN_RS00240	SACI_RS00305	27.572	243	159	7	27	258	52	288	6.62e-16	76.3
MPN_RS00240	SACI_RS00305	29.897	97	57	3	440	526	387	482	1.80e-08	52.8
MPN_RS00265	SACI_RS09830	48.111	503	250	5	3	505	1	492	1.55e-169	484
MPN_RS00265	SACI_RS05325	46.906	501	253	6	6	505	3	491	2.36e-168	481
MPN_RS00265	SACI_RS05050	23.930	514	355	15	4	503	3	494	5.22e-21	92.0
MPN_RS00270	SACI_RS05330	25.344	363	225	13	6	345	7	346	3.30e-12	63.5
MPN_RS00270	SACI_RS09825	25.474	369	228	14	6	358	7	344	1.12e-11	61.6
MPN_RS00270	SACI_RS04710	55.172	29	13	0	5	33	7	35	7.78e-04	37.0
MPN_RS00305	SACI_RS05555	37.436	195	108	2	318	504	110	298	1.97e-31	121
MPN_RS00305	SACI_RS05555	42.169	83	48	0	23	105	26	108	3.82e-18	82.0
MPN_RS00305	SACI_RS04940	36.641	131	82	1	320	449	143	273	2.83e-21	92.4
MPN_RS00305	SACI_RS04940	52.174	46	22	0	22	67	27	72	8.65e-08	50.4
MPN_RS00305	SACI_RS01255	36.957	138	77	3	318	445	79	216	6.55e-21	88.2
MPN_RS00305	SACI_RS01255	38.372	86	48	3	26	111	1	81	9.59e-11	58.2
MPN_RS00305	SACI_RS08440	31.387	137	91	1	321	454	117	253	1.04e-18	83.2
MPN_RS00305	SACI_RS08440	30.909	110	66	3	6	105	1	110	1.11e-05	43.5
MPN_RS00305	SACI_RS04945	32.824	131	82	2	316	440	246	376	2.59e-18	83.6
MPN_RS00305	SACI_RS04805	37.383	107	67	0	332	438	116	222	1.65e-17	79.7
MPN_RS00305	SACI_RS04805	35.417	96	60	2	6	100	1	95	7.85e-10	56.6
MPN_RS00305	SACI_RS01905	33.333	135	83	3	6	139	29	157	4.67e-15	71.6
MPN_RS00305	SACI_RS01905	36.607	112	70	1	327	438	135	245	5.32e-15	71.6
MPN_RS00305	SACI_RS07320	41.237	97	55	2	7	102	5	100	8.68e-14	67.4
MPN_RS00305	SACI_RS07320	33.684	95	59	1	342	436	127	217	5.96e-09	52.8
MPN_RS00305	SACI_RS11155	29.457	129	82	2	322	450	101	220	2.20e-13	67.0
MPN_RS00305	SACI_RS11155	28.025	157	92	5	6	149	1	149	1.09e-08	52.8
MPN_RS00305	SACI_RS08435	27.869	122	87	1	320	440	132	253	2.30e-13	67.4
MPN_RS00305	SACI_RS08435	23.464	179	108	5	22	183	31	197	4.24e-05	41.6
MPN_RS00305	SACI_RS10265	42.222	90	49	2	16	103	461	549	6.08e-13	67.4
MPN_RS00305	SACI_RS10265	29.545	88	59	2	349	436	589	673	2.68e-10	58.9
MPN_RS00305	SACI_RS04520	29.897	97	65	1	350	443	138	234	4.68e-12	62.4
MPN_RS00305	SACI_RS04520	44.186	43	24	0	26	68	25	67	2.20e-05	42.0
MPN_RS00305	SACI_RS08115	30.952	126	83	3	315	438	102	225	9.31e-12	62.0
MPN_RS00305	SACI_RS08115	36.082	97	60	2	6	102	8	102	3.54e-11	60.1
MPN_RS00305	SACI_RS08670	29.927	137	83	2	303	439	386	509	5.52e-11	60.8
MPN_RS00305	SACI_RS08670	27.200	125	87	2	303	427	100	220	2.15e-09	55.8
MPN_RS00305	SACI_RS08670	32.967	91	52	3	23	105	300	389	4.18e-05	42.0
MPN_RS00305	SACI_RS08670	29.771	131	78	6	5	125	2	128	3.27e-04	39.3
MPN_RS00305	SACI_RS11140	30.000	120	80	1	317	436	101	216	9.26e-11	58.9
MPN_RS00305	SACI_RS11140	29.126	103	57	3	6	97	1	98	1.19e-06	46.2
MPN_RS00305	SACI_RS10250	34.343	99	59	4	6	100	4	100	5.34e-10	56.2
MPN_RS00305	SACI_RS10250	36.145	83	50	2	347	428	140	220	3.72e-09	53.5
MPN_RS00305	SACI_RS06195	29.661	118	80	1	315	432	97	211	9.42e-10	55.1
MPN_RS00305	SACI_RS06195	27.059	85	61	1	18	102	14	97	2.96e-06	44.7
MPN_RS00305	SACI_RS08615	28.571	112	78	1	320	431	109	218	1.33e-09	55.5
MPN_RS00305	SACI_RS08615	30.435	69	45	2	6	71	1	69	2.32e-04	39.3
MPN_RS00305	SACI_RS07080	39.726	73	43	1	33	105	25	96	5.43e-09	52.4
MPN_RS00305	SACI_RS03525	25.000	120	88	1	6	125	1	118	3.59e-07	47.8
MPN_RS00305	SACI_RS03505	27.215	158	106	3	305	462	77	225	3.89e-07	47.8
MPN_RS00305	SACI_RS03505	41.509	53	30	1	23	75	17	68	2.66e-04	38.9
MPN_RS00305	SACI_RS04905	26.364	110	80	1	320	429	105	213	7.19e-07	47.0
MPN_RS00305	SACI_RS04905	30.000	50	35	0	22	71	17	66	1.15e-05	43.1
MPN_RS00305	SACI_RS09665	30.435	92	60	1	348	439	126	213	2.13e-06	45.4
MPN_RS00305	SACI_RS09665	38.462	39	24	0	32	70	26	64	2.98e-04	38.9
MPN_RS00305	SACI_RS06640	35.593	59	38	0	349	407	144	202	5.14e-06	43.9
MPN_RS00305	SACI_RS03205	34.831	89	56	1	320	408	184	270	1.16e-05	43.9
MPN_RS00305	SACI_RS03205	31.579	76	52	0	348	423	459	534	1.24e-05	43.9
MPN_RS00305	SACI_RS03205	35.593	59	37	1	31	88	366	424	8.19e-05	41.2
MPN_RS00305	SACI_RS05090	37.736	53	32	1	38	90	31	82	4.30e-05	41.2
MPN_RS00305	SACI_RS05825	41.860	43	24	1	25	67	18	59	4.81e-05	40.8
MPN_RS00305	SACI_RS04200	29.167	96	66	2	333	428	277	370	1.01e-04	40.4
MPN_RS00310	SACI_RS00545	23.016	252	154	11	45	277	31	261	1.12e-05	42.0
MPN_RS00315	SACI_RS05540	25.551	227	151	6	17	236	24	239	6.10e-04	36.6
MPN_RS00325	SACI_RS04080	28.660	321	190	12	5	308	1	299	3.22e-22	91.3
MPN_RS00340	SACI_RS06265	33.108	444	280	9	11	444	5	441	8.34e-75	237
MPN_RS00340	SACI_RS06980	29.110	292	196	4	12	294	79	368	4.11e-38	138
MPN_RS00345	SACI_RS05950	34.211	228	141	5	1	224	1	223	1.43e-34	120
MPN_RS00355	SACI_RS06810	27.419	124	81	5	33	152	34	152	2.01e-05	42.4
MPN_RS00365	SACI_RS03860	26.902	368	219	12	45	402	5	332	7.02e-17	79.0
MPN_RS00400	SACI_RS06125	28.986	276	164	7	77	342	20	273	1.69e-30	114
MPN_RS00400	SACI_RS07620	30.000	70	47	1	234	303	67	134	1.79e-04	38.1
MPN_RS00405	SACI_RS07155	26.230	122	83	4	3	120	48	166	0.001	36.2
MPN_RS00440	SACI_RS05555	34.978	223	132	4	232	449	7	221	1.73e-32	123
MPN_RS00440	SACI_RS01905	33.182	220	130	6	231	447	29	234	8.35e-29	110
MPN_RS00440	SACI_RS08440	31.064	235	147	6	231	454	1	231	1.44e-26	105
MPN_RS00440	SACI_RS04940	30.085	236	130	8	240	442	12	245	3.24e-25	103
MPN_RS00440	SACI_RS01255	32.663	199	116	6	254	445	1	188	1.41e-23	95.1
MPN_RS00440	SACI_RS07320	30.303	198	128	4	251	447	20	208	1.61e-20	86.7
MPN_RS00440	SACI_RS04805	29.384	211	138	5	254	461	20	222	1.61e-18	82.4
MPN_RS00440	SACI_RS11155	28.910	211	138	7	237	445	3	203	7.50e-18	79.7
MPN_RS00440	SACI_RS10250	29.870	231	133	10	231	447	4	219	1.72e-17	78.2
MPN_RS00440	SACI_RS06195	29.493	217	138	5	232	447	4	206	4.86e-17	76.3
MPN_RS00440	SACI_RS08115	26.695	236	158	5	231	464	8	230	6.17e-17	77.0
MPN_RS00440	SACI_RS08435	30.508	236	129	9	234	447	18	240	1.41e-16	76.6
MPN_RS00440	SACI_RS04520	29.167	216	139	5	250	461	21	226	1.31e-15	72.4
MPN_RS00440	SACI_RS08615	28.507	221	147	6	231	447	1	214	3.55e-15	72.0
MPN_RS00440	SACI_RS09665	31.132	212	127	9	241	447	4	201	6.45e-15	70.9
MPN_RS00440	SACI_RS08670	30.882	204	124	9	255	448	25	221	7.07e-14	69.3
MPN_RS00440	SACI_RS08670	26.829	205	138	6	256	454	305	503	1.92e-13	68.2
MPN_RS00440	SACI_RS10265	26.291	213	129	6	250	448	467	665	2.59e-13	68.2
MPN_RS00440	SACI_RS04945	37.805	82	50	1	367	447	282	363	4.41e-13	66.6
MPN_RS00440	SACI_RS03505	25.773	194	117	4	239	431	5	172	5.71e-13	65.1
MPN_RS00440	SACI_RS07080	26.946	167	111	5	263	429	27	182	5.02e-12	61.2
MPN_RS00440	SACI_RS11140	29.255	188	115	6	266	447	32	207	5.76e-12	62.0
MPN_RS00440	SACI_RS03525	23.671	207	145	5	248	452	13	208	2.14e-11	60.1
MPN_RS00440	SACI_RS05825	30.303	198	109	8	250	447	15	183	2.80e-11	59.3
MPN_RS00440	SACI_RS03205	28.922	204	115	9	259	459	366	542	6.86e-11	60.1
MPN_RS00440	SACI_RS03205	27.586	203	120	7	259	446	97	287	1.80e-07	49.3
MPN_RS00440	SACI_RS06640	26.364	220	136	10	245	447	13	223	8.40e-10	55.1
MPN_RS00440	SACI_RS05090	29.146	199	118	10	231	428	1	177	2.40e-09	53.9
MPN_RS00440	SACI_RS02545	30.978	184	105	11	250	429	19	184	4.59e-09	52.4
MPN_RS00440	SACI_RS04905	23.558	208	134	5	251	447	18	211	2.87e-08	51.2
MPN_RS00440	SACI_RS04200	35.052	97	62	1	351	447	274	369	4.04e-08	50.8
MPN_RS00440	SACI_RS09475	25.767	163	102	7	239	401	5	148	4.31e-07	47.4
MPN_RS00445	SACI_RS00865	29.778	225	138	7	22	242	39	247	3.81e-19	84.0
MPN_RS00445	SACI_RS00870	20.938	320	221	12	343	644	8	313	2.51e-07	48.9
MPN_RS00590	SACI_RS08975	39.062	64	32	2	38	96	36	97	4.17e-04	34.7
MPN_RS00600	SACI_RS07210	28.841	371	208	8	2	339	114	461	1.51e-30	117
MPN_RS00605	SACI_RS07205	26.692	266	149	13	316	573	194	421	5.06e-07	48.9
MPN_RS00640	SACI_RS08800	28.099	121	72	3	8	117	199	315	0.001	33.9
MPN_RS00670	SACI_RS04575	38.636	44	27	0	9	52	1	44	2.41e-04	37.0
MPN_RS00775	SACI_RS05555	34.263	251	146	3	340	581	117	357	4.15e-41	148
MPN_RS00775	SACI_RS05555	50.602	83	41	0	27	109	25	107	1.31e-21	92.8
MPN_RS00775	SACI_RS04805	32.768	177	109	2	337	513	106	272	2.70e-20	88.2
MPN_RS00775	SACI_RS04805	31.250	96	65	1	13	107	2	97	1.85e-12	64.7
MPN_RS00775	SACI_RS04940	31.515	165	96	4	341	499	149	302	7.52e-19	85.1
MPN_RS00775	SACI_RS04940	29.661	118	55	4	27	116	27	144	4.98e-07	48.1
MPN_RS00775	SACI_RS04945	28.571	196	129	3	273	464	197	385	8.50e-19	85.1
MPN_RS00775	SACI_RS04945	30.435	69	44	1	15	79	11	79	5.26e-04	38.5
MPN_RS00775	SACI_RS01905	37.190	121	71	2	344	464	137	252	6.36e-15	71.2
MPN_RS00775	SACI_RS01905	32.075	106	69	2	27	129	45	150	8.53e-11	58.9
MPN_RS00775	SACI_RS08435	30.357	112	77	1	361	471	159	270	1.01e-13	68.6
MPN_RS00775	SACI_RS08435	26.087	92	62	2	23	110	27	116	9.24e-05	40.8
MPN_RS00775	SACI_RS01255	35.780	109	67	2	341	446	87	195	1.07e-13	67.0
MPN_RS00775	SACI_RS01255	37.333	75	44	1	31	105	1	72	1.28e-11	60.8
MPN_RS00775	SACI_RS08440	30.070	143	91	1	324	466	117	250	1.08e-13	68.2
MPN_RS00775	SACI_RS08440	42.254	71	36	1	27	92	20	90	7.87e-09	53.1
MPN_RS00775	SACI_RS04520	29.474	95	67	0	357	451	130	224	1.95e-13	66.6
MPN_RS00775	SACI_RS04520	33.333	78	48	1	12	89	6	79	7.90e-08	49.7
MPN_RS00775	SACI_RS10265	36.458	96	58	2	356	451	581	673	2.20e-13	68.9
MPN_RS00775	SACI_RS07320	32.990	97	64	1	12	107	4	100	3.06e-13	65.9
MPN_RS00775	SACI_RS07320	30.370	135	86	2	317	451	91	217	1.58e-10	57.8
MPN_RS00775	SACI_RS10250	33.333	96	61	2	13	105	5	100	7.01e-13	64.7
MPN_RS00775	SACI_RS10250	31.250	80	54	1	363	442	141	219	4.47e-08	50.4
MPN_RS00775	SACI_RS08615	37.624	101	57	4	13	107	2	102	1.21e-12	65.1
MPN_RS00775	SACI_RS08615	28.440	109	75	2	334	442	109	214	6.11e-07	47.4
MPN_RS00775	SACI_RS03505	24.444	135	97	2	336	470	86	215	5.37e-11	59.3
MPN_RS00775	SACI_RS03505	32.692	52	35	0	16	67	5	56	1.33e-04	40.0
MPN_RS00775	SACI_RS11155	35.443	79	51	0	22	100	11	89	2.34e-10	57.8
MPN_RS00775	SACI_RS11155	30.275	109	72	2	346	451	107	214	2.89e-09	54.7
MPN_RS00775	SACI_RS08115	30.526	95	65	1	13	107	9	102	5.77e-10	56.6
MPN_RS00775	SACI_RS08115	29.310	116	80	2	344	459	118	231	6.27e-09	53.5
MPN_RS00775	SACI_RS08670	32.323	99	62	2	347	442	124	220	7.75e-10	57.4
MPN_RS00775	SACI_RS08670	29.268	123	82	2	335	453	387	508	2.08e-09	55.8
MPN_RS00775	SACI_RS06195	32.292	96	64	1	12	107	3	97	1.60e-09	54.7
MPN_RS00775	SACI_RS06195	27.820	133	79	5	332	451	87	215	1.31e-08	52.0
MPN_RS00775	SACI_RS07080	29.032	93	65	1	39	131	26	117	1.96e-08	50.8
MPN_RS00775	SACI_RS07080	26.852	108	72	5	341	445	100	203	7.70e-06	43.1
MPN_RS00775	SACI_RS03205	27.619	105	73	1	337	438	430	534	6.88e-08	51.2
MPN_RS00775	SACI_RS03205	26.667	150	100	4	335	477	179	325	3.82e-06	45.4
MPN_RS00775	SACI_RS03205	34.483	58	36	1	23	80	355	410	8.26e-05	41.2
MPN_RS00775	SACI_RS04905	30.682	88	53	2	17	103	7	87	1.26e-07	49.7
MPN_RS00775	SACI_RS04905	23.664	131	99	1	363	493	133	262	9.65e-05	40.4
MPN_RS00775	SACI_RS11140	29.293	99	65	2	357	454	125	219	2.76e-07	48.1
MPN_RS00775	SACI_RS11140	38.333	60	36	1	27	86	17	75	1.59e-06	45.8
MPN_RS00775	SACI_RS09665	27.350	117	80	2	336	451	98	210	4.13e-07	47.8
MPN_RS00775	SACI_RS09665	42.308	52	29	1	22	73	12	62	1.07e-06	46.2
MPN_RS00775	SACI_RS09475	27.966	118	81	1	340	457	93	206	1.76e-06	45.8
MPN_RS00775	SACI_RS09475	38.776	49	29	1	13	61	2	49	5.10e-05	41.2
MPN_RS00775	SACI_RS05825	28.283	99	67	2	349	447	94	188	1.85e-06	45.1
MPN_RS00775	SACI_RS05825	42.553	47	26	1	26	72	14	59	2.27e-06	45.1
MPN_RS00775	SACI_RS02545	30.120	83	54	1	351	433	116	194	4.48e-06	43.9
MPN_RS00775	SACI_RS02545	37.313	67	40	2	10	76	2	66	2.23e-04	38.9
MPN_RS00775	SACI_RS04200	29.412	85	58	2	351	435	280	362	1.21e-05	43.5
MPN_RS00775	SACI_RS00230	34.286	70	35	3	364	425	793	859	6.91e-04	38.5
MPN_RS00780	SACI_RS05545	23.827	277	182	11	38	298	19	282	3.28e-09	53.1
MPN_RS00785	SACI_RS05540	23.616	271	186	9	41	306	21	275	3.76e-08	49.7
MPN_RS00785	SACI_RS05545	32.468	77	46	2	175	251	168	238	3.04e-05	40.8
MPN_RS00805	SACI_RS02585	50.000	36	18	0	272	307	246	281	3.80e-04	37.7
MPN_RS00885	SACI_RS03305	30.976	410	203	13	120	465	10	403	2.34e-33	131
MPN_RS00885	SACI_RS02865	29.801	151	85	3	124	253	23	173	4.77e-11	61.6
MPN_RS00885	SACI_RS03255	24.825	286	148	12	117	341	1	280	9.98e-08	50.4
MPN_RS00885	SACI_RS03985	30.000	120	53	5	124	212	12	131	1.88e-06	46.2
MPN_RS00885	SACI_RS04395	26.263	198	118	5	162	333	188	383	3.68e-06	45.4
MPN_RS00930	SACI_RS03250	27.273	88	62	2	13	99	6	92	9.91e-09	45.4
MPN_RS00935	SACI_RS02835	26.506	166	92	8	92	241	190	341	3.41e-05	40.4
MPN_RS00950	SACI_RS02820	33.484	221	127	7	51	254	2	219	2.64e-21	86.3
MPN_RS00955	SACI_RS02815	41.667	84	45	3	3	83	40	122	4.83e-13	56.6
MPN_RS00960	SACI_RS02810	37.143	70	43	1	40	109	87	155	1.28e-05	39.3
MPN_RS00965	SACI_RS02805	31.792	173	110	4	37	207	19	185	5.65e-16	71.2
MPN_RS00985	SACI_RS02785	44.444	117	57	4	10	122	26	138	1.80e-23	84.7
MPN_RS00995	SACI_RS02770	35.821	134	77	4	23	156	9	133	8.11e-18	73.2
MPN_RS01000	SACI_RS11545	50.000	28	12	1	24	49	19	46	1.47e-04	32.0
MPN_RS01005	SACI_RS02765	32.847	137	77	3	13	142	5	133	2.35e-11	53.9
MPN_RS01020	SACI_RS02740	33.858	127	70	2	70	184	63	187	3.80e-17	73.2
MPN_RS01030	SACI_RS02725	22.708	480	258	20	32	448	30	459	2.07e-05	42.7
MPN_RS01040	SACI_RS07220	27.753	227	136	13	9	226	5	212	1.29e-11	59.3
MPN_RS01040	SACI_RS04845	25.316	237	147	9	4	223	126	349	1.21e-09	53.5
MPN_RS01040	SACI_RS07060	26.027	146	93	5	63	203	197	332	5.91e-07	45.4
MPN_RS01055	SACI_RS00370	28.814	59	42	0	1	59	9	67	9.55e-06	38.9
MPN_RS01060	SACI_RS00380	32.231	121	71	3	1	112	1	119	2.87e-06	39.7
MPN_RS01075	SACI_RS10265	36.052	233	140	5	12	238	454	683	4.38e-37	135
MPN_RS01075	SACI_RS08670	30.453	243	160	4	9	243	3	244	2.25e-34	126
MPN_RS01075	SACI_RS08670	32.243	214	138	3	25	233	300	511	5.94e-29	111
MPN_RS01075	SACI_RS08115	27.273	253	177	3	2	254	1	246	1.64e-31	114
MPN_RS01075	SACI_RS05555	32.212	208	136	4	24	229	25	229	6.10e-30	111
MPN_RS01075	SACI_RS01905	32.394	213	133	5	25	233	46	251	7.27e-30	109
MPN_RS01075	SACI_RS08440	33.043	230	141	7	15	231	9	238	3.23e-27	103
MPN_RS01075	SACI_RS04805	30.038	263	153	10	19	271	11	252	1.24e-24	97.1
MPN_RS01075	SACI_RS11155	27.189	217	150	4	13	228	5	214	5.81e-23	91.7
MPN_RS01075	SACI_RS01255	29.534	193	125	3	28	215	1	187	9.21e-23	90.1
MPN_RS01075	SACI_RS04940	24.315	292	165	8	1	260	17	284	2.58e-22	91.7
MPN_RS01075	SACI_RS03505	31.905	210	120	7	13	221	5	192	3.05e-22	89.4
MPN_RS01075	SACI_RS07320	29.004	231	146	9	14	238	9	227	3.42e-20	83.2
MPN_RS01075	SACI_RS03525	30.952	210	126	8	23	228	14	208	6.45e-20	82.8
MPN_RS01075	SACI_RS04905	25.652	230	140	5	19	233	12	225	9.29e-20	83.2
MPN_RS01075	SACI_RS04520	27.234	235	153	6	7	231	4	230	1.59e-19	81.6
MPN_RS01075	SACI_RS04200	31.068	206	92	3	15	220	215	370	2.53e-19	82.8
MPN_RS01075	SACI_RS04200	26.974	152	98	4	34	185	12	150	1.09e-08	51.2
MPN_RS01075	SACI_RS10250	28.889	225	141	8	15	227	10	227	1.80e-17	75.9
MPN_RS01075	SACI_RS11140	28.205	195	132	6	38	230	30	218	5.29e-17	75.1
MPN_RS01075	SACI_RS08615	22.500	200	148	5	27	223	23	218	5.19e-15	69.7
MPN_RS01075	SACI_RS09475	27.602	221	138	8	24	243	16	215	5.55e-15	69.3
MPN_RS01075	SACI_RS06195	30.348	201	129	8	25	223	19	210	7.88e-15	68.2
MPN_RS01075	SACI_RS09665	24.519	208	144	6	25	231	18	213	1.83e-14	67.8
MPN_RS01075	SACI_RS08435	23.581	229	145	6	25	231	32	252	2.03e-14	68.2
MPN_RS01075	SACI_RS05825	25.654	191	114	6	39	228	29	192	6.26e-14	65.5
MPN_RS01075	SACI_RS04945	33.858	127	70	4	140	264	282	396	2.81e-13	65.1
MPN_RS01075	SACI_RS04945	44.444	36	20	0	28	63	27	62	4.17e-04	37.4
MPN_RS01075	SACI_RS06640	26.168	214	140	6	24	223	18	227	7.85e-13	62.8
MPN_RS01075	SACI_RS07080	25.521	192	126	5	34	221	24	202	2.74e-12	60.5
MPN_RS01075	SACI_RS02545	27.368	190	125	5	32	219	26	204	3.21e-12	60.5
MPN_RS01075	SACI_RS03205	26.087	184	118	5	34	215	367	534	5.22e-11	58.5
MPN_RS01075	SACI_RS03205	23.370	184	116	4	34	202	98	271	5.48e-09	52.4
MPN_RS01075	SACI_RS05090	24.848	165	108	6	40	203	31	180	1.14e-04	38.5
MPN_RS01080	SACI_RS08670	33.679	193	126	2	46	238	30	220	3.64e-30	115
MPN_RS01080	SACI_RS08670	28.175	252	165	8	5	252	272	511	1.37e-20	87.8
MPN_RS01080	SACI_RS01905	33.333	216	127	7	34	247	43	243	9.33e-28	105
MPN_RS01080	SACI_RS11140	29.956	227	143	6	16	242	1	211	5.51e-25	97.4
MPN_RS01080	SACI_RS04940	30.303	231	139	7	34	242	25	255	4.46e-24	97.4
MPN_RS01080	SACI_RS08615	28.384	229	153	5	16	243	1	219	4.51e-24	95.9
MPN_RS01080	SACI_RS08440	30.738	244	150	9	16	248	1	236	1.82e-23	94.0
MPN_RS01080	SACI_RS08435	30.328	244	154	9	16	248	12	250	1.38e-22	92.0
MPN_RS01080	SACI_RS08115	30.047	213	132	7	38	247	25	223	2.42e-22	90.5
MPN_RS01080	SACI_RS10265	30.242	248	150	7	36	279	467	695	8.85e-21	88.6
MPN_RS01080	SACI_RS04805	29.577	213	139	5	37	247	17	220	1.71e-19	83.2
MPN_RS01080	SACI_RS03525	29.126	206	126	4	36	238	15	203	4.70e-19	80.9
MPN_RS01080	SACI_RS05555	30.942	223	130	9	34	248	23	229	2.32e-18	80.5
MPN_RS01080	SACI_RS10250	26.267	217	146	3	29	239	12	220	2.95e-18	78.6
MPN_RS01080	SACI_RS11155	29.075	227	142	8	36	260	16	225	6.82e-18	78.2
MPN_RS01080	SACI_RS04520	28.400	250	149	9	17	254	7	238	1.17e-17	77.0
MPN_RS01080	SACI_RS01255	32.642	193	114	7	46	234	7	187	4.45e-17	75.1
MPN_RS01080	SACI_RS06640	25.778	225	136	6	35	242	17	227	7.02e-15	68.9
MPN_RS01080	SACI_RS04200	27.094	203	96	5	40	239	217	370	1.57e-14	69.3
MPN_RS01080	SACI_RS04200	23.377	231	132	9	30	254	3	194	1.63e-07	48.1
MPN_RS01080	SACI_RS04945	34.043	94	61	1	158	250	282	375	3.49e-13	65.5
MPN_RS01080	SACI_RS04905	25.581	215	146	5	29	240	10	213	4.80e-13	64.3
MPN_RS01080	SACI_RS07320	21.860	215	151	6	35	247	18	217	1.72e-12	62.0
MPN_RS01080	SACI_RS06195	27.477	222	123	11	34	243	16	211	2.17e-12	61.6
MPN_RS01080	SACI_RS09665	24.590	244	128	8	29	249	10	220	6.91e-12	60.5
MPN_RS01080	SACI_RS09475	26.904	197	118	8	51	247	30	200	1.30e-11	60.1
MPN_RS01080	SACI_RS03505	22.381	210	131	6	33	240	13	192	4.43e-10	55.1
MPN_RS01080	SACI_RS03205	23.560	191	109	5	52	234	373	534	5.15e-10	55.8
MPN_RS01080	SACI_RS03205	23.664	262	176	12	43	292	95	344	5.75e-05	40.4
MPN_RS01080	SACI_RS05825	27.700	213	118	9	36	247	15	192	1.02e-09	53.5
MPN_RS01080	SACI_RS02545	25.714	175	111	6	45	218	27	183	1.55e-09	53.1
MPN_RS01080	SACI_RS00230	30.108	93	53	3	161	247	793	879	2.08e-04	38.5
MPN_RS01085	SACI_RS08665	25.294	170	114	4	239	404	157	317	2.45e-07	48.1
MPN_RS01145	SACI_RS08975	31.818	66	45	0	76	141	51	116	6.01e-04	34.7
MPN_RS01175	SACI_RS00410	40.278	72	42	1	173	243	136	207	1.38e-09	53.1
MPN_RS01180	SACI_RS04170	25.618	566	306	20	65	622	214	672	1.27e-25	109
MPN_RS01190	SACI_RS05195	25.490	102	71	1	434	535	207	303	6.32e-04	38.1
MPN_RS01210	SACI_RS04955	25.610	328	205	6	7	296	24	350	5.57e-25	100
MPN_RS01210	SACI_RS08425	25.606	289	202	4	19	296	64	350	3.05e-16	75.1
MPN_RS01215	SACI_RS08430	26.160	237	162	4	149	375	240	473	4.17e-10	57.0
MPN_RS01215	SACI_RS04950	27.155	232	150	11	148	372	68	287	9.68e-10	55.1
MPN_RS01220	SACI_RS04945	33.708	445	200	9	21	372	4	446	2.48e-70	225
MPN_RS01220	SACI_RS08435	34.366	355	186	8	21	370	12	324	3.61e-57	187
MPN_RS01220	SACI_RS08440	29.379	354	206	8	21	372	1	312	2.55e-44	153
MPN_RS01220	SACI_RS04940	28.533	368	183	10	31	364	18	339	1.54e-43	153
MPN_RS01220	SACI_RS04520	23.166	259	146	5	38	296	19	224	1.59e-16	75.1
MPN_RS01220	SACI_RS01905	23.934	305	149	11	21	312	29	263	6.50e-13	64.7
MPN_RS01220	SACI_RS08670	24.314	255	138	11	46	297	305	507	4.88e-12	63.5
MPN_RS01220	SACI_RS08670	30.380	79	53	1	209	287	144	220	1.99e-06	45.8
MPN_RS01220	SACI_RS11140	30.769	91	59	1	208	298	132	218	1.21e-10	57.8
MPN_RS01220	SACI_RS05555	26.812	138	98	1	176	313	111	245	3.37e-10	57.0
MPN_RS01220	SACI_RS05555	37.288	59	37	0	16	74	1	59	1.38e-06	45.8
MPN_RS01220	SACI_RS10265	36.170	94	57	2	209	302	589	679	4.68e-10	57.4
MPN_RS01220	SACI_RS10265	32.468	77	41	2	40	114	467	534	6.68e-05	40.8
MPN_RS01220	SACI_RS07320	20.992	262	147	8	36	296	15	217	5.09e-10	55.5
MPN_RS01220	SACI_RS06640	22.101	276	167	9	20	294	2	230	5.18e-10	55.5
MPN_RS01220	SACI_RS01255	30.000	100	58	3	189	282	93	186	5.28e-10	55.5
MPN_RS01220	SACI_RS04805	30.120	83	58	0	209	291	133	215	3.41e-09	53.9
MPN_RS01220	SACI_RS08115	28.736	87	61	1	203	289	132	217	7.84e-09	52.4
MPN_RS01220	SACI_RS06195	29.897	97	63	2	200	296	124	215	1.39e-08	51.2
MPN_RS01220	SACI_RS10250	35.484	93	54	2	209	296	142	233	2.83e-08	50.4
MPN_RS01220	SACI_RS10250	40.000	55	29	1	21	75	4	54	5.82e-08	49.7
MPN_RS01220	SACI_RS11155	28.333	120	80	3	179	297	101	215	9.47e-08	49.3
MPN_RS01220	SACI_RS04905	26.496	117	72	4	185	296	113	220	1.46e-05	42.4
MPN_RS01220	SACI_RS03505	27.957	93	65	1	207	299	112	202	2.87e-05	41.2
MPN_RS01220	SACI_RS08615	24.074	108	75	3	185	291	117	218	4.46e-05	40.8
MPN_RS01220	SACI_RS03205	21.399	243	131	8	49	284	97	286	1.38e-04	40.0
MPN_RS01220	SACI_RS03205	22.973	148	105	5	202	344	453	596	2.61e-04	38.9
MPN_RS01225	SACI_RS08435	44.186	129	72	0	666	794	140	268	2.66e-37	139
MPN_RS01225	SACI_RS08435	25.000	92	68	1	5	96	6	96	3.31e-05	42.7
MPN_RS01225	SACI_RS04940	47.761	134	69	1	666	798	151	284	1.89e-36	139
MPN_RS01225	SACI_RS04940	31.081	148	70	4	20	139	17	160	6.80e-15	73.6
MPN_RS01225	SACI_RS04945	49.123	114	58	0	681	794	278	391	3.88e-35	135
MPN_RS01225	SACI_RS04945	28.729	181	100	5	11	168	4	178	1.13e-08	54.3
MPN_RS01225	SACI_RS08440	45.802	131	69	1	664	792	122	252	2.65e-34	129
MPN_RS01225	SACI_RS08440	31.250	144	88	3	11	148	1	139	5.27e-14	69.7
MPN_RS01225	SACI_RS04520	39.773	88	53	0	688	775	137	224	3.29e-16	75.5
MPN_RS01225	SACI_RS05555	31.092	119	81	1	683	800	136	254	1.72e-14	72.0
MPN_RS01225	SACI_RS05555	27.941	136	88	4	21	156	16	141	1.82e-06	47.0
MPN_RS01225	SACI_RS11155	32.000	150	97	4	664	813	105	249	3.23e-13	67.0
MPN_RS01225	SACI_RS07320	28.369	141	77	3	655	775	81	217	2.49e-12	63.5
MPN_RS01225	SACI_RS07320	35.165	91	52	2	20	110	10	93	1.36e-04	40.4
MPN_RS01225	SACI_RS10265	37.079	89	53	2	688	776	589	674	7.36e-12	65.1
MPN_RS01225	SACI_RS10265	30.667	75	47	1	28	102	465	534	2.87e-04	40.4
MPN_RS01225	SACI_RS01905	29.464	112	77	2	664	775	134	243	1.28e-11	62.0
MPN_RS01225	SACI_RS01905	41.379	58	34	0	20	77	35	92	2.68e-06	45.8
MPN_RS01225	SACI_RS04905	32.174	115	70	3	664	775	111	220	4.79e-11	60.8
MPN_RS01225	SACI_RS04905	31.818	66	44	1	30	94	17	82	1.62e-05	43.5
MPN_RS01225	SACI_RS10250	36.082	97	61	1	671	767	125	220	6.92e-11	59.7
MPN_RS01225	SACI_RS04805	32.632	95	64	0	681	775	126	220	1.07e-10	59.7
MPN_RS01225	SACI_RS04805	48.837	43	22	0	28	70	14	56	2.24e-05	43.1
MPN_RS01225	SACI_RS08115	37.079	89	54	2	687	775	137	223	2.29e-09	55.5
MPN_RS01225	SACI_RS08670	33.673	98	64	1	679	776	411	507	1.03e-08	54.3
MPN_RS01225	SACI_RS08670	29.464	112	74	3	666	776	123	230	7.31e-08	51.6
MPN_RS01225	SACI_RS01255	26.415	159	97	6	620	762	33	187	2.18e-08	52.0
MPN_RS01225	SACI_RS08615	26.087	115	82	2	664	778	115	226	5.07e-08	51.6
MPN_RS01225	SACI_RS08615	31.169	77	48	1	11	87	1	72	1.74e-05	43.5
MPN_RS01225	SACI_RS11140	25.781	128	90	2	687	814	132	254	1.75e-07	49.7
MPN_RS01225	SACI_RS06640	31.034	87	59	1	688	773	144	230	3.78e-06	45.1
MPN_RS01225	SACI_RS07080	32.308	65	36	2	687	748	124	183	3.62e-05	41.6
MPN_RS01225	SACI_RS09475	32.222	90	57	1	686	775	115	200	5.41e-05	42.0
MPN_RS01225	SACI_RS03505	23.134	134	89	4	687	820	113	232	2.81e-04	39.7
MPN_RS01225	SACI_RS03205	25.676	74	55	0	687	760	459	532	7.85e-04	38.9
MPN_RS01230	SACI_RS06965	34.074	135	83	3	7	135	3	137	6.41e-14	61.2
MPN_RS01235	SACI_RS06960	25.743	202	123	9	38	223	29	219	2.78e-08	48.5
MPN_RS01260	SACI_RS03270	37.037	81	42	4	40	111	47	127	3.40e-10	51.2
MPN_RS01265	SACI_RS03260	36.264	91	54	1	21	107	59	149	7.52e-10	51.2
MPN_RS01270	SACI_RS02865	29.987	757	396	20	6	684	16	716	6.40e-84	276
MPN_RS01270	SACI_RS03255	25.789	190	107	6	12	167	8	197	3.47e-08	52.0
MPN_RS01270	SACI_RS03305	29.891	184	91	8	15	174	16	185	1.13e-05	44.3
MPN_RS01320	SACI_RS06355	33.656	413	266	5	60	471	61	466	4.39e-64	211
MPN_RS01320	SACI_RS04350	29.070	430	234	12	53	471	20	389	1.08e-45	160
MPN_RS01320	SACI_RS01765	31.084	415	249	11	59	471	86	465	1.01e-43	156
MPN_RS01325	SACI_RS03330	33.742	489	275	16	8	469	4	470	2.90e-73	235
MPN_RS01325	SACI_RS06455	31.000	200	120	8	53	250	92	275	3.76e-09	54.7
MPN_RS01335	SACI_RS04445	35.135	296	187	4	8	300	8	301	1.83e-52	171
MPN_RS01335	SACI_RS05570	28.808	302	209	5	15	315	6	302	4.13e-31	115
MPN_RS01335	SACI_RS00135	26.923	286	191	10	16	289	4	283	1.01e-22	92.8
MPN_RS01335	SACI_RS10370	28.063	253	169	8	50	293	39	287	4.09e-22	90.9
MPN_RS01350	SACI_RS03995	27.941	68	47	1	644	711	81	146	2.61e-05	41.6
MPN_RS01375	SACI_RS08090	27.376	263	142	14	3	250	101	329	4.02e-12	63.2
MPN_RS01375	SACI_RS05690	23.929	280	163	10	15	276	366	613	5.34e-08	50.4
MPN_RS01375	SACI_RS04975	27.907	172	106	10	98	261	406	567	7.04e-07	47.0
MPN_RS01375	SACI_RS08990	26.282	156	97	7	108	254	490	636	3.87e-06	44.7
MPN_RS01375	SACI_RS05630	27.160	162	68	9	114	250	396	532	3.40e-05	41.6
MPN_RS01375	SACI_RS04075	33.766	77	38	3	113	187	78	143	2.16e-04	38.1
MPN_RS01395	SACI_RS03680	28.046	435	279	12	19	448	16	421	2.06e-47	165
MPN_RS01395	SACI_RS00305	20.390	461	323	13	11	447	42	482	3.27e-13	67.4
MPN_RS01420	SACI_RS03645	25.153	326	189	13	9	319	4	289	1.03e-16	75.5
MPN_RS01420	SACI_RS08140	23.906	297	177	13	9	296	1	257	3.13e-09	53.1
MPN_RS01425	SACI_RS10250	28.571	245	162	3	6	249	5	237	5.41e-27	105
MPN_RS01425	SACI_RS10250	24.370	238	161	5	338	570	14	237	3.05e-11	60.1
MPN_RS01425	SACI_RS08115	26.267	217	141	4	4	220	7	204	2.79e-18	81.3
MPN_RS01425	SACI_RS08115	23.744	219	149	4	343	560	22	223	2.30e-09	54.7
MPN_RS01425	SACI_RS05555	30.085	236	139	7	1	229	1	217	5.67e-18	81.6
MPN_RS01425	SACI_RS05555	26.168	214	140	7	346	557	27	224	4.22e-10	57.4
MPN_RS01425	SACI_RS08615	30.493	223	136	8	10	229	6	212	2.72e-17	79.0
MPN_RS01425	SACI_RS08615	22.768	224	154	5	348	569	24	230	2.30e-06	45.4
MPN_RS01425	SACI_RS11155	25.688	327	178	13	9	317	5	284	4.23e-17	78.2
MPN_RS01425	SACI_RS11155	23.364	214	144	5	338	551	11	204	7.97e-05	40.8
MPN_RS01425	SACI_RS01905	25.630	238	151	5	8	245	32	243	6.50e-17	77.4
MPN_RS01425	SACI_RS01905	23.853	218	144	7	346	561	47	244	9.78e-09	52.8
MPN_RS01425	SACI_RS01255	33.019	212	105	9	26	226	1	186	8.65e-15	70.1
MPN_RS01425	SACI_RS04805	27.679	224	144	5	10	232	6	212	9.79e-14	68.6
MPN_RS01425	SACI_RS04805	24.891	229	138	8	338	556	11	215	1.10e-06	46.6
MPN_RS01425	SACI_RS10265	27.542	236	142	11	2	230	450	663	1.04e-13	70.1
MPN_RS01425	SACI_RS10265	24.691	243	152	10	332	563	453	675	5.61e-11	61.2
MPN_RS01425	SACI_RS04940	25.523	239	145	6	20	234	25	254	1.05e-13	68.9
MPN_RS01425	SACI_RS03505	25.339	221	125	6	25	245	19	199	1.76e-12	63.9
MPN_RS01425	SACI_RS09475	28.182	220	118	7	25	241	19	201	1.01e-11	62.0
MPN_RS01425	SACI_RS04905	24.576	236	156	5	10	245	7	220	5.12e-11	60.1
MPN_RS01425	SACI_RS04905	24.286	210	139	6	348	554	21	213	9.72e-06	43.5
MPN_RS01425	SACI_RS06195	24.017	229	149	5	5	232	3	207	1.23e-10	57.8
MPN_RS01425	SACI_RS06195	24.286	210	135	9	348	555	22	209	2.92e-04	38.5
MPN_RS01425	SACI_RS08440	24.670	227	134	8	20	229	18	224	6.74e-10	56.6
MPN_RS01425	SACI_RS08440	21.429	238	156	6	338	559	11	233	2.90e-05	42.0
MPN_RS01425	SACI_RS04520	24.537	216	135	6	347	555	24	218	2.80e-09	53.9
MPN_RS01425	SACI_RS04520	23.810	231	157	7	3	232	4	216	3.32e-07	47.8
MPN_RS01425	SACI_RS09665	25.472	212	131	6	37	245	31	218	9.09e-09	52.8
MPN_RS01425	SACI_RS02545	23.963	217	134	9	3	217	2	189	5.15e-08	49.7
MPN_RS01425	SACI_RS08670	25.000	200	125	6	38	229	36	218	8.51e-08	50.8
MPN_RS01425	SACI_RS08670	24.664	223	143	7	17	232	294	498	1.48e-06	46.6
MPN_RS01425	SACI_RS08670	22.667	225	137	9	352	561	28	230	7.99e-06	44.3
MPN_RS01425	SACI_RS07320	25.346	217	140	8	338	553	14	209	9.93e-08	49.3
MPN_RS01425	SACI_RS07320	26.042	192	110	6	37	224	34	197	2.18e-07	48.1
MPN_RS01425	SACI_RS04945	25.547	137	96	3	113	245	243	377	4.04e-07	48.5
MPN_RS01425	SACI_RS04945	31.111	90	60	2	475	562	285	374	4.98e-06	45.1
MPN_RS01425	SACI_RS03205	25.837	209	139	7	28	232	94	290	5.79e-07	48.1
MPN_RS01425	SACI_RS03205	22.652	181	105	4	32	209	367	515	9.31e-07	47.4
MPN_RS01425	SACI_RS03525	25.000	196	126	6	35	230	28	202	2.03e-06	45.4
MPN_RS01425	SACI_RS03525	19.626	214	146	7	346	556	17	207	1.09e-04	40.0
MPN_RS01425	SACI_RS11140	22.747	233	143	6	12	239	15	215	1.14e-05	43.1
MPN_RS01425	SACI_RS05825	23.500	200	109	7	35	232	27	184	2.81e-05	41.6
MPN_RS01425	SACI_RS07080	24.607	191	119	6	40	229	32	198	4.06e-04	37.7
MPN_RS01425	SACI_RS04200	31.034	58	40	0	154	211	293	350	5.62e-04	38.1
MPN_RS01440	SACI_RS06310	26.194	649	344	24	5	600	573	1139	3.48e-40	155
MPN_RS01440	SACI_RS06560	25.976	666	367	29	25	664	51	616	4.67e-28	115
MPN_RS01450	SACI_RS00180	40.964	83	48	1	15	96	20	102	3.91e-22	79.7
MPN_RS01450	SACI_RS08740	36.364	88	56	0	9	96	44	131	3.49e-21	78.2
MPN_RS01450	SACI_RS07085	32.099	81	54	1	10	89	44	124	1.05e-14	61.6
MPN_RS01460	SACI_RS00350	24.367	316	189	13	4	297	34	321	1.65e-10	57.4
MPN_RS01460	SACI_RS02180	23.451	226	147	10	7	228	78	281	4.42e-06	43.9
MPN_RS01510	SACI_RS04930	34.906	106	69	0	12	117	2	107	1.77e-21	80.9
MPN_RS01510	SACI_RS03400	27.434	113	78	2	12	120	26	138	8.10e-13	58.5
MPN_RS01530	SACI_RS00305	37.705	488	284	9	10	485	5	484	2.68e-106	322
MPN_RS01530	SACI_RS03680	23.261	460	276	18	52	484	12	421	1.59e-17	80.5
MPN_RS01535	SACI_RS05915	44.118	34	19	0	18	51	7	40	6.03e-04	37.7
MPN_RS01535	SACI_RS04430	35.897	39	25	0	15	53	2	40	8.62e-04	37.0
MPN_RS01540	SACI_RS02865	42.424	132	75	1	5	135	19	150	1.88e-25	107
MPN_RS01540	SACI_RS02865	20.976	205	145	6	186	383	288	482	6.00e-07	48.1
MPN_RS01540	SACI_RS03255	25.749	334	185	13	1	285	1	320	1.94e-19	87.0
MPN_RS01540	SACI_RS03985	24.514	257	144	9	8	226	11	255	3.33e-09	55.1
MPN_RS01540	SACI_RS03305	28.148	135	76	4	11	135	16	139	1.79e-07	49.7
MPN_RS01545	SACI_RS11425	28.659	164	97	6	21	172	9	164	2.28e-08	52.4
MPN_RS01545	SACI_RS00585	43.396	53	27	2	51	100	22	74	1.83e-04	38.9
MPN_RS01545	SACI_RS03040	22.346	179	115	6	17	175	177	351	6.45e-04	38.5
MPN_RS01625	SACI_RS11020	21.512	172	132	1	20	191	5	173	3.06e-05	38.9
MPN_RS01670	SACI_RS07860	29.783	460	253	12	6	464	4	394	4.20e-48	168
MPN_RS01725	SACI_RS06735	33.557	298	164	4	6	303	39	302	4.33e-47	157
MPN_RS01725	SACI_RS07615	27.016	248	157	8	8	249	36	265	2.69e-12	62.0
MPN_RS01820	SACI_RS06470	25.232	646	361	24	145	701	170	782	1.93e-34	136
MPN_RS01860	SACI_RS04435	28.514	249	140	11	341	573	339	565	4.02e-09	55.8
MPN_RS01860	SACI_RS04015	27.273	132	66	3	281	403	409	519	6.66e-05	42.4
MPN_RS01860	SACI_RS04330	27.500	120	74	4	351	468	21	129	8.45e-05	41.6
MPN_RS01860	SACI_RS04185	45.455	44	22	1	361	404	357	398	2.49e-04	40.0
MPN_RS01860	SACI_RS09620	27.586	116	69	4	349	450	270	384	3.34e-04	39.7
MPN_RS01870	SACI_RS04905	30.698	215	141	4	7	218	3	212	7.38e-28	106
MPN_RS01870	SACI_RS08115	30.531	226	151	4	6	231	8	227	8.15e-28	105
MPN_RS01870	SACI_RS09475	34.081	223	124	8	6	227	1	201	3.17e-27	104
MPN_RS01870	SACI_RS04805	27.309	249	172	4	6	249	1	245	5.94e-27	104
MPN_RS01870	SACI_RS04520	28.251	223	156	2	7	228	7	226	5.72e-26	100
MPN_RS01870	SACI_RS07320	28.571	224	149	4	7	228	5	219	6.24e-23	91.7
MPN_RS01870	SACI_RS11155	25.094	267	174	6	24	279	16	267	1.47e-22	91.7
MPN_RS01870	SACI_RS01905	28.061	196	133	3	25	218	46	235	3.30e-22	90.5
MPN_RS01870	SACI_RS05555	30.928	194	131	2	24	215	25	217	1.23e-20	87.4
MPN_RS01870	SACI_RS11140	25.229	218	154	4	39	254	31	241	2.39e-20	85.1
MPN_RS01870	SACI_RS08615	26.638	229	154	5	6	226	1	223	8.75e-19	81.3
MPN_RS01870	SACI_RS05825	30.288	208	112	10	24	227	15	193	5.84e-18	77.4
MPN_RS01870	SACI_RS06195	24.257	202	148	2	25	226	19	215	8.00e-18	77.4
MPN_RS01870	SACI_RS03505	26.154	195	125	4	24	218	16	191	1.23e-17	77.4
MPN_RS01870	SACI_RS10265	25.561	223	152	6	16	229	459	676	4.52e-17	78.2
MPN_RS01870	SACI_RS10250	22.511	231	161	6	3	222	1	224	1.51e-12	62.4
MPN_RS01870	SACI_RS02545	30.601	183	107	10	19	195	14	182	2.39e-12	61.2
MPN_RS01870	SACI_RS08670	26.160	237	157	8	21	246	296	525	4.32e-12	62.8
MPN_RS01870	SACI_RS08670	24.324	222	152	7	7	217	4	220	1.75e-10	57.8
MPN_RS01870	SACI_RS04940	29.032	93	66	0	136	228	170	262	1.82e-11	60.5
MPN_RS01870	SACI_RS09665	22.430	214	149	5	21	230	14	214	6.65e-11	57.8
MPN_RS01870	SACI_RS08440	21.596	213	152	3	28	226	24	235	5.22e-10	55.5
MPN_RS01870	SACI_RS04945	27.451	102	72	2	129	229	275	375	9.21e-10	55.5
MPN_RS01870	SACI_RS06640	24.380	242	134	10	23	233	17	240	3.02e-09	52.8
MPN_RS01870	SACI_RS01255	25.532	188	121	6	36	213	9	187	3.14e-09	52.8
MPN_RS01870	SACI_RS03525	23.116	199	138	5	24	217	15	203	8.63e-09	51.6
MPN_RS01870	SACI_RS03205	26.404	178	117	4	35	211	368	532	6.75e-08	49.7
MPN_RS01870	SACI_RS04200	30.075	133	82	3	39	170	17	139	1.75e-07	48.1
MPN_RS01870	SACI_RS04200	23.936	188	99	6	35	220	227	372	1.80e-06	45.1
MPN_RS01870	SACI_RS07080	31.884	138	76	6	42	172	32	158	7.61e-07	45.1
MPN_RS01870	SACI_RS05090	26.776	183	112	7	40	216	31	197	1.41e-05	41.6
MPN_RS01930	SACI_RS07905	26.415	212	101	11	91	290	11	179	4.20e-05	40.4
MPN_RS01980	SACI_RS04125	27.667	553	271	17	7	437	5	550	3.65e-52	181
MPN_RS01980	SACI_RS06025	23.656	372	210	20	75	428	203	518	5.02e-06	44.7
MPN_RS01985	SACI_RS02955	24.837	153	106	6	98	242	5	156	1.47e-05	40.8
MPN_RS01990	SACI_RS00725	34.943	352	216	4	26	364	25	376	1.85e-71	229
MPN_RS02035	SACI_RS02960	28.182	110	74	3	90	198	20	125	9.85e-06	42.4
MPN_RS02145	SACI_RS00075	29.032	93	63	1	198	290	128	217	4.90e-06	42.7
MPN_RS02145	SACI_RS07245	24.444	90	55	2	5	94	2	78	3.71e-04	37.0
MPN_RS02155	SACI_RS00075	28.916	83	57	2	200	282	140	220	3.95e-04	37.0
MPN_RS02155	SACI_RS07245	25.641	78	58	0	184	261	127	204	6.89e-04	36.2
MPN_RS02160	SACI_RS07495	25.000	384	204	12	7	361	1	329	2.39e-22	98.6
MPN_RS02160	SACI_RS07495	25.000	248	143	9	505	725	559	790	1.11e-04	41.6
MPN_RS02160	SACI_RS06840	29.348	184	114	4	2	169	35	218	5.28e-19	87.8
MPN_RS02160	SACI_RS06840	28.866	194	106	7	405	597	430	592	2.36e-14	72.8
MPN_RS02160	SACI_RS02845	22.222	324	174	8	332	597	319	622	6.10e-15	75.1
MPN_RS02160	SACI_RS02845	26.702	191	105	5	7	169	10	193	4.27e-09	55.8
MPN_RS02160	SACI_RS01825	27.624	181	98	5	5	157	5	180	1.71e-14	73.6
MPN_RS02160	SACI_RS01825	27.857	140	74	6	497	634	573	687	4.23e-05	42.7
MPN_RS02190	SACI_RS01500	29.954	217	139	6	1	212	1	209	3.30e-22	90.1
MPN_RS02190	SACI_RS01690	25.000	292	200	6	1	284	1	281	3.04e-17	77.4
MPN_RS02190	SACI_RS01515	22.097	267	175	10	1	243	1	258	3.96e-14	67.4
MPN_RS02190	SACI_RS01715	22.596	208	150	4	35	240	36	234	1.92e-08	51.2
MPN_RS02195	SACI_RS08160	30.425	447	289	10	3	442	2	433	5.68e-59	196
MPN_RS02195	SACI_RS01655	27.214	463	296	13	1	454	1	431	4.79e-40	145
MPN_RS02195	SACI_RS00645	26.829	451	284	16	5	450	3	412	1.51e-32	124
MPN_RS02195	SACI_RS00135	22.928	362	198	15	3	333	4	315	1.74e-09	55.1
MPN_RS02195	SACI_RS05570	24.309	181	124	5	128	303	103	275	1.17e-08	52.4
MPN_RS02195	SACI_RS11065	25.446	224	142	9	124	330	113	328	2.04e-08	52.0
MPN_RS02195	SACI_RS04445	24.765	319	187	11	3	309	16	293	2.04e-08	51.6
MPN_RS02195	SACI_RS00710	22.590	332	222	13	133	443	108	425	3.51e-08	51.2
MPN_RS02195	SACI_RS04090	58.333	36	12	1	1	33	28	63	6.22e-06	43.5
MPN_RS02195	SACI_RS10370	23.387	248	141	12	94	307	54	286	9.44e-06	43.1
MPN_RS02195	SACI_RS08130	23.529	170	118	6	172	335	117	280	7.13e-05	40.4
MPN_RS02195	SACI_RS03380	51.351	37	14	1	1	33	1	37	4.50e-04	38.1
MPN_RS02205	SACI_RS00870	25.676	222	141	7	54	267	49	254	3.30e-12	62.4
MPN_RS02215	SACI_RS00710	23.305	472	324	13	1	469	1	437	2.01e-23	98.6
MPN_RS02215	SACI_RS11065	23.005	426	270	14	3	426	22	391	1.89e-18	83.2
MPN_RS02215	SACI_RS08160	23.077	299	192	11	156	443	150	421	4.23e-11	60.5
MPN_RS02215	SACI_RS08130	30.366	191	111	8	152	341	104	273	5.43e-10	56.6
MPN_RS02215	SACI_RS09330	26.923	208	124	9	141	341	93	279	3.52e-08	50.8
MPN_RS02215	SACI_RS01655	25.532	188	119	7	152	339	148	314	6.78e-07	47.4
MPN_RS02280	SACI_RS07400	27.074	458	291	11	5	440	9	445	3.31e-41	150
MPN_RS02330	SACI_RS08975	31.818	66	45	0	76	141	51	116	2.12e-04	36.2
MPN_RS02365	SACI_RS10265	27.854	219	146	6	6	221	452	661	5.49e-25	99.4
MPN_RS02365	SACI_RS05555	27.778	216	143	3	20	235	25	227	1.10e-20	85.5
MPN_RS02365	SACI_RS01905	26.244	221	148	5	16	236	41	246	4.56e-20	82.8
MPN_RS02365	SACI_RS04805	25.229	218	142	4	14	225	10	212	1.31e-19	82.4
MPN_RS02365	SACI_RS08115	25.676	222	151	4	22	243	25	232	2.25e-19	80.9
MPN_RS02365	SACI_RS10250	23.932	234	160	6	15	241	14	236	3.14e-19	80.1
MPN_RS02365	SACI_RS08440	24.638	207	142	5	21	219	21	221	1.93e-16	73.2
MPN_RS02365	SACI_RS11155	26.271	236	151	6	5	236	1	217	2.06e-16	72.8
MPN_RS02365	SACI_RS08670	27.363	201	132	4	31	227	310	500	6.67e-16	72.4
MPN_RS02365	SACI_RS08670	26.341	205	137	3	28	227	28	223	2.06e-15	71.2
MPN_RS02365	SACI_RS04940	25.114	219	144	5	21	219	28	246	1.26e-15	71.6
MPN_RS02365	SACI_RS03505	24.537	216	133	3	10	225	6	191	4.58e-15	68.9
MPN_RS02365	SACI_RS07320	25.221	226	144	5	15	235	14	219	5.75e-15	68.2
MPN_RS02365	SACI_RS08615	25.604	207	144	4	21	227	21	217	1.07e-14	68.2
MPN_RS02365	SACI_RS06195	23.529	221	151	6	6	225	4	207	1.07e-14	67.4
MPN_RS02365	SACI_RS01255	26.131	199	131	5	24	219	1	186	1.10e-14	67.4
MPN_RS02365	SACI_RS08435	24.757	206	146	4	21	219	32	235	1.26e-14	68.2
MPN_RS02365	SACI_RS03525	22.549	204	142	3	18	221	13	200	1.74e-14	67.0
MPN_RS02365	SACI_RS11140	24.891	229	153	5	16	244	13	222	4.72e-14	65.9
MPN_RS02365	SACI_RS04520	23.246	228	156	7	14	237	15	227	9.15e-13	62.0
MPN_RS02365	SACI_RS04945	31.579	95	65	0	125	219	264	358	1.52e-12	62.4
MPN_RS02365	SACI_RS06640	23.188	207	145	6	5	204	3	202	1.80e-10	55.5
MPN_RS02365	SACI_RS03205	23.037	191	124	4	31	221	368	535	2.67e-10	55.8
MPN_RS02365	SACI_RS09665	22.973	222	151	5	21	242	18	219	4.46e-10	54.7
MPN_RS02365	SACI_RS04905	21.739	207	152	4	11	217	8	204	1.93e-09	52.8
MPN_RS02365	SACI_RS04200	26.263	198	89	9	31	225	227	370	3.03e-08	49.3
MPN_RS02365	SACI_RS05825	23.318	223	135	9	20	242	15	201	3.51e-08	48.5
MPN_RS02365	SACI_RS07080	20.833	192	132	6	34	224	28	200	5.92e-05	38.9
MPN_RS02365	SACI_RS09475	18.386	223	153	6	14	236	10	203	1.40e-04	38.1
MPN_RS02365	SACI_RS00230	31.034	87	52	3	143	223	790	874	8.59e-04	36.2
MPN_RS02380	SACI_RS06945	22.815	881	529	28	4	835	62	840	4.86e-36	142
MPN_RS02385	SACI_RS10470	27.778	216	130	8	6	216	2	196	1.00e-13	64.3
MPN_RS02410	SACI_RS06980	32.509	283	175	4	60	332	87	363	2.11e-37	134
MPN_RS02410	SACI_RS06265	30.568	229	143	6	116	335	72	293	1.12e-22	94.4
MPN_RS02415	SACI_RS00230	22.764	369	204	18	2	347	1	311	6.54e-05	42.7
MPN_RS02430	SACI_RS06480	29.902	408	253	10	6	400	11	398	5.26e-40	143
MPN_RS02440	SACI_RS08665	30.208	96	60	4	157	246	192	286	3.58e-04	37.7
MPN_RS02445	SACI_RS08670	30.594	219	149	3	126	343	28	244	1.31e-23	98.2
MPN_RS02445	SACI_RS08670	29.412	221	136	7	130	343	311	518	2.64e-18	82.4
MPN_RS02445	SACI_RS04940	25.714	245	159	6	100	321	9	253	4.75e-16	75.1
MPN_RS02445	SACI_RS08615	27.273	220	144	4	119	332	21	230	5.43e-15	70.9
MPN_RS02445	SACI_RS05555	30.374	214	132	7	109	317	16	217	2.60e-14	69.3
MPN_RS02445	SACI_RS01905	26.728	217	141	6	117	330	44	245	7.68e-14	67.0
MPN_RS02445	SACI_RS08115	30.387	181	115	5	120	299	25	195	3.94e-13	65.1
MPN_RS02445	SACI_RS11140	23.874	222	159	4	130	351	28	239	5.10e-13	64.7
MPN_RS02445	SACI_RS04945	34.043	94	60	1	240	331	282	375	6.73e-12	62.4
MPN_RS02445	SACI_RS08440	27.111	225	150	8	118	331	17	238	9.90e-12	61.2
MPN_RS02445	SACI_RS01255	27.895	190	116	6	129	311	8	183	1.96e-11	59.7
MPN_RS02445	SACI_RS08435	24.359	234	159	6	112	331	23	252	6.35e-11	58.9
MPN_RS02445	SACI_RS04520	25.610	246	147	10	109	338	12	237	8.35e-11	57.8
MPN_RS02445	SACI_RS11155	26.087	207	129	7	118	318	16	204	3.81e-10	56.2
MPN_RS02445	SACI_RS03525	24.215	223	136	3	107	319	4	203	5.85e-10	55.5
MPN_RS02445	SACI_RS04805	28.502	207	132	6	119	320	17	212	9.05e-10	55.5
MPN_RS02445	SACI_RS05825	27.317	205	112	12	118	320	15	184	1.13e-09	53.9
MPN_RS02445	SACI_RS02545	26.364	220	133	10	117	334	18	210	6.87e-09	51.6
MPN_RS02445	SACI_RS04200	30.573	157	86	6	121	275	5	140	5.86e-08	50.1
MPN_RS02445	SACI_RS04200	39.535	86	46	4	238	320	288	370	8.14e-08	49.7
MPN_RS02445	SACI_RS03205	24.742	194	116	5	124	312	363	531	1.08e-07	49.7
MPN_RS02445	SACI_RS10265	21.525	223	153	5	118	331	467	676	1.16e-07	49.7
MPN_RS02445	SACI_RS06640	27.320	194	122	7	117	299	17	202	1.23e-07	48.1
MPN_RS02445	SACI_RS00230	34.409	93	53	3	243	328	793	884	1.54e-06	45.8
MPN_RS02445	SACI_RS10250	32.609	92	56	4	233	320	131	220	2.61e-06	44.3
MPN_RS02445	SACI_RS03505	25.786	159	89	4	117	274	15	145	5.03e-06	43.5
MPN_RS02445	SACI_RS09475	26.389	144	98	3	236	376	110	248	1.52e-05	42.0
MPN_RS02445	SACI_RS04905	25.581	215	147	7	119	330	18	222	1.59e-05	42.0
MPN_RS02445	SACI_RS07320	23.000	200	132	6	134	328	35	217	1.67e-04	38.5
MPN_RS02450	SACI_RS08670	27.559	254	162	8	2	240	4	250	1.49e-21	89.7
MPN_RS02450	SACI_RS08670	24.896	241	151	8	6	220	271	507	4.48e-12	61.6
MPN_RS02450	SACI_RS10265	29.958	237	142	9	6	228	456	682	6.28e-20	85.1
MPN_RS02450	SACI_RS01905	27.143	210	144	6	18	224	45	248	6.46e-14	66.2
MPN_RS02450	SACI_RS01255	29.208	202	111	9	22	206	1	187	9.58e-14	65.1
MPN_RS02450	SACI_RS04520	24.138	232	158	6	2	224	7	229	4.99e-13	63.2
MPN_RS02450	SACI_RS08115	25.701	214	152	6	18	228	23	232	1.28e-12	62.4
MPN_RS02450	SACI_RS08440	24.312	218	142	8	18	217	20	232	2.37e-12	62.0
MPN_RS02450	SACI_RS05555	24.336	226	151	6	8	222	15	231	3.47e-12	61.6
MPN_RS02450	SACI_RS06195	26.733	202	128	6	18	211	18	207	6.01e-12	60.1
MPN_RS02450	SACI_RS04905	22.222	216	160	5	2	213	3	214	7.94e-12	60.5
MPN_RS02450	SACI_RS08615	27.854	219	146	7	1	211	1	215	1.55e-11	59.3
MPN_RS02450	SACI_RS07320	26.961	204	130	7	18	213	19	211	2.70e-11	58.2
MPN_RS02450	SACI_RS04805	25.000	224	153	6	1	216	1	217	2.07e-10	56.2
MPN_RS02450	SACI_RS11140	25.806	217	150	7	1	213	1	210	5.77e-10	54.7
MPN_RS02450	SACI_RS03525	27.700	213	141	7	1	210	1	203	3.86e-09	52.0
MPN_RS02450	SACI_RS02545	28.962	183	103	8	19	192	20	184	1.17e-08	50.1
MPN_RS02450	SACI_RS11155	26.087	207	138	9	23	222	19	217	1.32e-08	50.8
MPN_RS02450	SACI_RS03505	27.723	202	106	11	22	212	20	192	2.68e-08	49.7
MPN_RS02450	SACI_RS07080	25.126	199	133	6	22	215	17	204	2.88e-08	48.9
MPN_RS02450	SACI_RS04940	22.407	241	145	8	18	221	27	262	5.63e-08	49.3
MPN_RS02450	SACI_RS04200	29.371	143	91	3	29	171	13	145	7.07e-08	48.5
MPN_RS02450	SACI_RS04200	23.404	188	101	5	26	211	224	370	4.35e-06	43.1
MPN_RS02450	SACI_RS04945	28.049	82	58	1	132	212	284	365	3.81e-06	43.5
MPN_RS02450	SACI_RS10250	23.301	206	142	7	18	211	19	220	4.50e-06	42.7
MPN_RS02450	SACI_RS09475	23.560	191	110	8	31	211	28	192	1.22e-05	41.6
MPN_RS02450	SACI_RS08435	25.000	216	109	10	32	212	45	242	1.68e-05	41.2
MPN_RS02450	SACI_RS03205	25.417	240	147	9	2	217	66	297	3.23e-05	40.8
MPN_RS02450	SACI_RS03205	32.895	76	48	2	133	206	460	534	0.001	36.2
MPN_RS02450	SACI_RS09665	22.115	208	146	7	16	219	15	210	6.19e-05	39.3
MPN_RS02450	SACI_RS05825	23.786	206	109	9	18	211	15	184	1.32e-04	38.1
MPN_RS02450	SACI_RS06640	25.359	209	141	6	19	213	19	226	8.63e-04	35.8
MPN_RS02500	SACI_RS05195	25.902	305	186	13	23	305	26	312	1.09e-15	73.6
MPN_RS02500	SACI_RS01370	22.552	337	202	15	23	321	63	378	8.70e-07	47.0
MPN_RS02500	SACI_RS07905	23.200	125	87	2	185	309	299	414	9.71e-05	40.0
MPN_RS02515	SACI_RS00375	34.444	90	50	2	54	141	68	150	1.52e-08	48.5
MPN_RS02685	SACI_RS07060	38.565	223	133	2	125	346	139	358	4.57e-47	159
MPN_RS02685	SACI_RS04845	30.205	341	227	7	5	340	1	335	6.16e-46	156
MPN_RS02700	SACI_RS07200	21.260	254	172	8	17	259	4	240	2.76e-05	40.4
MPN_RS02700	SACI_RS05080	22.846	267	166	10	19	260	18	269	3.60e-04	37.0
MPN_RS02700	SACI_RS08775	34.247	73	41	3	53	124	60	126	4.26e-04	36.6
MPN_RS02715	SACI_RS03115	25.698	179	107	6	3	163	178	348	1.65e-04	39.3
MPN_RS02715	SACI_RS07660	27.168	173	101	8	3	163	159	318	2.17e-04	38.9
MPN_RS02720	SACI_RS02705	40.385	52	31	0	3	54	1	52	3.43e-07	45.1
MPN_RS02740	SACI_RS06840	27.778	774	494	21	10	736	34	789	5.15e-81	274
MPN_RS02740	SACI_RS02845	21.509	795	506	23	24	711	18	801	4.36e-45	171
MPN_RS02740	SACI_RS07495	21.330	797	483	23	23	694	8	785	3.24e-31	127
MPN_RS02740	SACI_RS01825	20.643	809	426	29	46	695	39	790	4.15e-19	88.6
MPN_RS02755	SACI_RS01340	29.487	78	52	2	2	77	40	116	8.41e-04	36.6
MPN_RS02795	SACI_RS03405	25.116	215	138	8	32	228	78	287	1.48e-10	57.4
MPN_RS02795	SACI_RS02605	32.576	132	66	6	40	149	4	134	7.20e-07	45.8
MPN_RS02810	SACI_RS03840	24.638	207	152	4	5	209	18	222	8.77e-14	64.3
MPN_RS02830	SACI_RS10350	26.471	238	145	9	10	240	10	224	2.46e-08	50.8
MPN_RS02945	SACI_RS03290	29.822	674	371	21	294	907	204	835	4.81e-59	216
MPN_RS02945	SACI_RS03285	52.941	51	23	1	1005	1055	61	110	3.45e-10	59.3
MPN_RS02945	SACI_RS03285	27.742	155	92	5	1119	1273	250	384	2.37e-04	40.8
MPN_RS02950	SACI_RS03295	26.069	725	330	22	522	1139	331	956	1.59e-44	172
MPN_RS02950	SACI_RS03295	31.818	198	114	4	1177	1356	919	1113	2.55e-19	90.5
MPN_RS02955	SACI_RS05990	30.172	116	71	5	27	140	32	139	1.35e-10	53.5
MPN_RS02980	SACI_RS02845	28.147	842	525	23	24	816	11	821	3.38e-98	326
MPN_RS02980	SACI_RS06840	25.195	770	465	21	24	763	41	729	4.05e-54	197
MPN_RS02980	SACI_RS07495	22.619	336	238	7	25	348	3	328	2.13e-14	73.2
MPN_RS02980	SACI_RS07495	26.794	209	122	9	558	762	590	771	1.32e-05	44.7
MPN_RS02980	SACI_RS01825	22.796	329	205	10	26	328	10	315	6.32e-11	62.0
MPN_RS02980	SACI_RS01825	26.699	206	115	10	564	762	600	776	2.62e-07	50.1
MPN_RS03040	SACI_RS04560	40.645	155	89	2	5	156	12	166	2.44e-33	113
MPN_RS03060	SACI_RS04015	25.418	299	162	14	43	310	200	468	2.09e-05	43.5
MPN_RS03060	SACI_RS06565	30.137	146	74	8	57	191	141	269	3.43e-05	42.4
MPN_RS03060	SACI_RS04435	29.060	117	65	4	48	160	85	187	8.33e-05	41.6
MPN_RS03060	SACI_RS03700	30.583	206	98	13	57	237	230	415	1.11e-04	41.2
MPN_RS03090	SACI_RS04435	37.500	72	35	2	41	103	380	450	4.15e-07	47.0
MPN_RS03090	SACI_RS03700	35.897	78	40	2	41	109	229	305	6.13e-07	46.6
MPN_RS03090	SACI_RS03700	32.394	71	40	1	41	103	502	572	6.46e-05	40.4
MPN_RS03090	SACI_RS04015	38.961	77	27	3	41	103	216	286	8.22e-07	46.2
MPN_RS03090	SACI_RS04015	32.394	71	40	1	41	103	491	561	4.68e-05	40.8
MPN_RS03090	SACI_RS03125	27.586	116	62	4	6	102	130	242	1.28e-06	45.4
MPN_RS03090	SACI_RS04185	29.293	99	56	3	17	102	341	438	1.28e-06	45.4
MPN_RS03090	SACI_RS04330	24.603	126	75	3	8	113	11	136	1.44e-06	45.1
MPN_RS03090	SACI_RS09620	31.707	82	48	2	40	115	301	380	1.03e-05	42.7
MPN_RS03090	SACI_RS04335	20.673	208	146	5	8	211	13	205	7.77e-05	39.7
MPN_RS03090	SACI_RS06565	26.316	114	66	4	6	101	100	213	9.29e-05	39.3
MPN_RS03090	SACI_RS04665	22.689	119	70	3	12	115	23	134	1.61e-04	38.9
MPN_RS03095	SACI_RS02640	32.812	192	115	4	18	199	1	188	9.55e-31	117
MPN_RS03160	SACI_RS11300	31.250	208	126	6	139	338	126	324	2.09e-21	90.5
MPN_RS03175	SACI_RS06025	36.607	448	271	7	119	561	97	536	2.08e-87	277
MPN_RS03175	SACI_RS11430	34.021	97	56	3	438	533	245	334	3.95e-06	45.1
MPN_RS03190	SACI_RS06675	20.605	529	313	18	103	537	103	618	4.30e-19	86.7
MPN_RS03195	SACI_RS04710	39.583	48	28	1	1	47	4	51	2.09e-04	40.0
MPN_RS03225	SACI_RS00040	33.471	242	142	5	16	241	24	262	1.35e-34	121
MPN_RS03230	SACI_RS02940	26.804	194	102	5	159	315	1	191	4.56e-09	53.9
MPN_RS03230	SACI_RS07660	29.114	158	103	5	158	314	156	305	2.34e-08	51.2
MPN_RS03235	SACI_RS02005	25.402	311	199	9	26	324	26	315	9.13e-22	90.9
MPN_RS03235	SACI_RS10375	29.641	334	209	9	25	339	26	352	9.29e-20	85.1
MPN_RS03235	SACI_RS10280	27.246	334	218	12	18	345	19	333	1.65e-18	81.3
MPN_RS03235	SACI_RS04355	28.958	259	160	11	15	266	18	259	1.02e-11	61.2
MPN_RS03235	SACI_RS10750	25.373	335	224	9	18	336	19	343	3.46e-09	53.5
MPN_RS03235	SACI_RS05315	21.884	329	228	11	20	342	22	327	9.08e-07	45.8
MPN_RS03235	SACI_RS08070	23.684	266	184	7	1	262	1	251	2.53e-06	44.7
MPN_RS03235	SACI_RS09945	25.000	280	192	9	1	271	1	271	2.02e-05	41.6
MPN_RS03235	SACI_RS06665	26.721	247	159	9	19	262	21	248	6.47e-05	40.0
MPN_RS03245	SACI_RS10470	26.543	162	105	4	5	166	2	149	4.30e-09	51.2
MPN_RS03270	SACI_RS10265	22.798	193	130	3	479	653	468	659	4.62e-07	48.9
MPN_RS03270	SACI_RS03525	27.329	161	110	3	492	646	31	190	1.67e-05	42.7
MPN_RS03270	SACI_RS02545	24.706	170	116	5	464	624	5	171	3.20e-05	41.6
MPN_RS03270	SACI_RS05090	26.904	197	118	7	463	646	1	184	4.50e-05	41.6
MPN_RS03270	SACI_RS08435	21.845	206	129	7	475	651	30	232	7.57e-05	41.2
MPN_RS03270	SACI_RS01255	26.829	164	109	5	492	644	13	176	1.60e-04	39.7
MPN_RS03270	SACI_RS05825	26.667	180	106	6	479	651	16	176	5.30e-04	37.7
MPN_RS03270	SACI_RS09475	24.118	170	119	6	479	646	17	178	5.37e-04	38.1
MPN_RS03280	SACI_RS03175	24.689	563	313	21	7	524	27	523	3.95e-16	77.0
MPN_RS03280	SACI_RS06700	30.769	169	96	5	8	160	17	180	9.32e-14	69.7
MPN_RS03280	SACI_RS06700	26.174	149	96	5	381	524	384	523	0.001	37.7
MPN_RS03280	SACI_RS05735	33.333	114	71	2	12	125	19	127	9.52e-12	63.2
MPN_RS03280	SACI_RS05735	26.144	153	99	4	377	524	369	512	7.63e-04	38.1
MPN_RS03295	SACI_RS06495	32.162	370	238	6	15	374	22	388	2.70e-56	187
MPN_RS03410	SACI_RS07380	28.940	349	234	7	74	410	71	417	1.14e-34	131
MPN_RS03410	SACI_RS07375	29.217	332	203	8	106	413	185	508	2.29e-31	123
MPN_RS03420	SACI_RS07380	29.429	350	226	12	32	366	10	353	1.36e-26	108
MPN_RS03420	SACI_RS07375	28.384	229	146	7	143	358	208	431	4.94e-17	79.7
MPN_RS03450	SACI_RS06585	37.472	443	245	9	8	448	3	415	4.44e-95	289
MPN_RS03455	SACI_RS05575	35.443	158	101	1	1	157	13	170	2.77e-36	120
MPN_RS03465	SACI_RS10265	29.197	274	166	7	52	313	417	674	4.24e-28	110
MPN_RS03465	SACI_RS08440	29.741	232	150	7	102	326	24	249	7.85e-27	103
MPN_RS03465	SACI_RS08670	29.333	225	145	5	84	303	5	220	3.32e-26	104
MPN_RS03465	SACI_RS08670	27.876	226	143	9	94	313	296	507	1.69e-17	79.0
MPN_RS03465	SACI_RS04940	29.845	258	138	8	101	327	30	275	3.75e-24	98.2
MPN_RS03465	SACI_RS08115	29.439	214	133	9	101	312	26	223	7.85e-23	92.4
MPN_RS03465	SACI_RS05555	28.000	225	141	6	97	316	24	232	8.86e-23	93.6
MPN_RS03465	SACI_RS08435	26.336	262	172	7	80	327	10	264	1.86e-22	92.0
MPN_RS03465	SACI_RS11140	27.602	221	139	9	103	319	20	223	3.78e-21	87.4
MPN_RS03465	SACI_RS01255	26.293	232	142	10	102	324	1	212	1.06e-17	77.0
MPN_RS03465	SACI_RS11155	27.826	230	132	8	95	315	13	217	4.38e-17	76.3
MPN_RS03465	SACI_RS08615	24.786	234	156	6	99	326	21	240	5.43e-17	76.3
MPN_RS03465	SACI_RS01905	25.641	234	154	7	81	312	28	243	5.85e-17	75.9
MPN_RS03465	SACI_RS04520	25.561	223	147	7	94	312	17	224	7.87e-17	75.1
MPN_RS03465	SACI_RS07320	27.350	234	149	8	81	312	3	217	1.22e-16	74.3
MPN_RS03465	SACI_RS04945	40.206	97	56	1	227	321	285	381	2.71e-16	75.1
MPN_RS03465	SACI_RS10250	25.862	232	150	9	81	304	3	220	1.08e-15	71.6
MPN_RS03465	SACI_RS06195	28.910	211	127	8	113	320	33	223	5.54e-15	69.3
MPN_RS03465	SACI_RS04805	26.244	221	133	6	102	312	20	220	9.94e-15	69.7
MPN_RS03465	SACI_RS03505	23.529	221	136	3	95	314	13	201	1.80e-13	65.5
MPN_RS03465	SACI_RS09475	24.885	217	133	7	96	312	14	200	6.84e-11	58.2
MPN_RS03465	SACI_RS03205	26.961	204	105	9	107	300	366	535	5.20e-09	53.1
MPN_RS03465	SACI_RS03205	25.210	238	133	9	81	291	64	283	5.33e-08	50.1
MPN_RS03465	SACI_RS05825	24.107	224	115	10	98	312	15	192	1.54e-07	47.4
MPN_RS03465	SACI_RS03525	22.222	225	146	9	85	303	2	203	4.74e-07	46.2
MPN_RS03465	SACI_RS06640	23.176	233	164	9	82	307	3	227	7.41e-07	45.4
MPN_RS03465	SACI_RS09665	24.348	115	77	3	212	324	110	216	2.49e-06	44.3
MPN_RS03465	SACI_RS04200	29.213	89	63	0	216	304	282	370	2.81e-06	44.3
MPN_RS03465	SACI_RS04200	24.294	177	93	4	104	271	8	152	2.23e-05	41.6
MPN_RS03465	SACI_RS04905	20.673	208	150	5	101	306	20	214	2.94e-06	43.9
MPN_RS03465	SACI_RS05090	23.188	207	128	6	82	285	1	179	1.20e-05	42.0
MPN_RS03465	SACI_RS07080	25.837	209	120	10	109	312	25	203	1.37e-05	41.2
MPN_RS03465	SACI_RS02545	24.607	191	121	7	94	283	15	183	4.03e-04	37.0
MPN_RS03505	SACI_RS00400	33.600	125	74	5	10	128	13	134	1.22e-04	35.8
MPN_RS03515	SACI_RS04335	25.146	342	202	11	7	322	9	322	1.76e-17	80.1
MPN_RS03515	SACI_RS04330	19.556	225	149	4	8	223	8	209	8.28e-06	44.7
MPN_RS03520	SACI_RS03205	39.241	79	41	3	832	909	456	528	2.34e-06	47.0
MPN_RS03520	SACI_RS03205	34.177	79	45	3	832	910	209	280	7.35e-05	42.4
MPN_RS03520	SACI_RS04940	26.957	115	73	4	836	948	173	278	2.73e-06	46.6
MPN_RS03520	SACI_RS04940	29.915	117	74	4	477	592	155	264	1.22e-04	41.2
MPN_RS03520	SACI_RS10265	27.500	120	71	4	829	948	582	685	2.10e-05	44.3
MPN_RS03520	SACI_RS00230	29.032	93	58	2	493	579	791	881	1.36e-04	41.6
MPN_RS03520	SACI_RS08670	31.333	150	80	8	450	589	371	507	2.48e-04	40.4
MPN_RS03520	SACI_RS08670	29.885	87	55	4	823	908	132	213	2.54e-04	40.4
MPN_RS03520	SACI_RS08670	30.108	93	60	4	469	560	118	206	2.75e-04	40.4
MPN_RS03520	SACI_RS08670	24.603	126	78	5	814	931	391	507	3.84e-04	39.7
MPN_RS03520	SACI_RS04520	26.316	171	95	8	777	930	68	224	4.04e-04	38.9
MPN_RS03520	SACI_RS10250	30.233	86	54	3	829	911	135	217	7.65e-04	38.1
MPN_RS03540	SACI_RS05195	33.427	356	214	8	17	371	12	345	6.78e-43	150
MPN_RS03540	SACI_RS03895	24.317	366	255	12	8	357	2	361	8.74e-11	60.1
MPN_RS03540	SACI_RS01370	21.277	376	247	14	5	352	24	378	6.87e-09	53.9
MPN_RS03540	SACI_RS06300	22.161	361	241	11	10	349	6	347	1.01e-08	53.5
MPN_RS03560	SACI_RS06780	28.643	398	229	15	175	536	398	776	5.37e-32	127
MPN_RS03565	SACI_RS04010	19.663	178	113	5	309	465	198	366	2.69e-04	39.3
MPN_RS03570	SACI_RS00555	23.571	140	81	5	55	187	55	175	8.59e-04	35.4
MPN_RS03585	SACI_RS06245	26.667	225	129	10	3	213	1	203	4.08e-09	51.2
MPN_RS03710	SACI_RS07450	26.230	244	158	10	32	262	13	247	1.29e-10	56.2
MPN_RS03755	SACI_RS03255	30.536	429	249	11	9	392	3	427	1.08e-55	185
MPN_RS03755	SACI_RS03985	31.560	282	131	9	6	249	3	260	1.10e-30	117
MPN_RS03755	SACI_RS04395	24.485	437	265	16	7	394	106	526	1.16e-16	77.4
MPN_RS03755	SACI_RS02865	24.242	330	161	13	14	261	22	344	1.93e-15	73.9
MPN_RS03755	SACI_RS03305	30.147	136	74	5	15	139	14	139	9.90e-05	40.0
MPN_RS03765	SACI_RS02055	27.778	252	136	8	4	243	2	219	6.84e-22	88.6
MPN_RS03765	SACI_RS08135	26.415	265	157	7	6	269	2	229	2.63e-19	82.8
MPN_RS03765	SACI_RS05715	26.071	280	168	10	6	274	8	259	2.39e-14	68.6
MPN_RS03765	SACI_RS02945	26.937	271	149	11	6	269	2	230	2.95e-14	68.6
MPN_RS03765	SACI_RS06015	27.103	214	119	8	6	219	2	178	2.11e-08	49.7
MPN_RS03765	SACI_RS00945	29.032	62	44	0	6	67	3	64	2.39e-05	41.2
MPN_RS03765	SACI_RS11445	24.138	87	66	0	6	92	2	88	5.60e-04	37.0
MPN_RS03790	SACI_RS03125	44.015	259	142	2	213	468	121	379	1.92e-66	221
MPN_RS03790	SACI_RS03700	47.390	249	120	4	209	452	446	688	9.75e-60	211
MPN_RS03790	SACI_RS03700	39.007	282	166	3	179	459	145	421	5.52e-51	186
MPN_RS03790	SACI_RS04015	46.281	242	125	3	225	464	451	689	3.13e-58	206
MPN_RS03790	SACI_RS04015	42.128	235	132	2	217	450	168	399	4.76e-53	191
MPN_RS03790	SACI_RS04435	32.782	363	214	11	171	521	4	348	5.08e-47	172
MPN_RS03790	SACI_RS04435	38.136	236	124	6	225	451	340	562	2.44e-38	147
MPN_RS03790	SACI_RS06565	31.973	294	162	10	222	496	100	374	4.71e-33	127
MPN_RS03790	SACI_RS04185	35.857	251	135	7	223	460	327	564	4.17e-32	127
MPN_RS03790	SACI_RS04185	31.408	277	164	7	179	453	29	281	1.33e-29	120
MPN_RS03790	SACI_RS04330	29.126	103	55	2	242	335	22	115	3.34e-06	45.8
MPN_RS03790	SACI_RS02630	48.649	37	17	1	255	289	57	93	3.95e-04	39.3
MPN_RS03805	SACI_RS01200	28.065	310	206	8	4	308	2	299	3.08e-29	110
MPN_RS03815	SACI_RS05945	33.600	250	141	10	5	240	3	241	1.63e-30	117
MPN_RS03815	SACI_RS10025	28.745	247	157	6	5	241	4	241	6.56e-27	107
MPN_RS03815	SACI_RS07240	32.453	265	149	9	1	259	1	241	7.41e-27	107
MPN_RS03820	SACI_RS07250	29.964	277	143	9	6	261	102	348	4.15e-24	101
MPN_RS03825	SACI_RS02965	27.751	209	124	8	9	215	4	187	1.01e-11	58.9
MPN_RS03845	SACI_RS05555	35.160	219	131	4	112	327	7	217	2.67e-34	125
MPN_RS03845	SACI_RS01905	31.696	224	132	7	111	330	29	235	3.11e-22	90.9
MPN_RS03845	SACI_RS04940	28.968	252	148	7	110	330	1	252	1.36e-21	90.9
MPN_RS03845	SACI_RS10250	30.806	211	123	5	133	330	20	220	1.30e-19	82.8
MPN_RS03845	SACI_RS08115	28.440	218	139	5	110	324	7	210	2.35e-19	82.8
MPN_RS03845	SACI_RS11155	32.161	199	123	5	131	327	15	203	1.01e-18	81.3
MPN_RS03845	SACI_RS08440	31.313	198	127	5	144	332	32	229	1.16e-18	81.3
MPN_RS03845	SACI_RS01255	28.646	192	122	3	136	321	1	183	1.87e-18	79.3
MPN_RS03845	SACI_RS07320	32.178	202	121	5	133	330	20	209	5.25e-18	78.2
MPN_RS03845	SACI_RS04945	38.889	90	54	1	242	330	275	364	5.59e-18	80.5
MPN_RS03845	SACI_RS04805	31.156	199	129	4	136	331	20	213	9.15e-18	79.0
MPN_RS03845	SACI_RS04520	28.155	206	137	5	129	330	18	216	2.58e-17	76.3
MPN_RS03845	SACI_RS10265	25.352	213	137	4	129	330	464	665	3.43e-16	75.5
MPN_RS03845	SACI_RS08435	25.229	218	135	7	133	330	32	241	3.33e-14	68.6
MPN_RS03845	SACI_RS08615	28.837	215	122	8	130	330	18	215	8.31e-14	67.0
MPN_RS03845	SACI_RS06195	27.143	210	130	6	128	330	14	207	8.55e-14	66.2
MPN_RS03845	SACI_RS08670	31.553	206	122	8	135	330	302	498	3.31e-13	66.2
MPN_RS03845	SACI_RS08670	27.317	205	116	10	143	329	31	220	8.98e-10	55.5
MPN_RS03845	SACI_RS09475	26.887	212	127	8	131	339	15	201	4.12e-10	55.8
MPN_RS03845	SACI_RS06640	25.926	216	134	8	132	330	18	224	7.05e-10	54.7
MPN_RS03845	SACI_RS03205	27.027	185	115	4	143	325	368	534	8.12e-10	55.8
MPN_RS03845	SACI_RS03205	25.253	198	127	5	143	328	99	287	3.55e-07	47.8
MPN_RS03845	SACI_RS03525	23.881	201	138	5	132	329	15	203	1.89e-09	53.5
MPN_RS03845	SACI_RS03505	27.108	166	89	5	130	290	14	152	1.66e-08	50.8
MPN_RS03845	SACI_RS04200	29.000	100	66	2	233	330	274	370	1.92e-08	51.2
MPN_RS03845	SACI_RS04905	26.977	215	128	8	129	330	14	212	2.17e-08	50.8
MPN_RS03845	SACI_RS11140	25.253	198	134	6	145	338	29	216	2.36e-08	50.4
MPN_RS03845	SACI_RS02545	29.714	175	106	8	145	317	31	190	6.54e-08	48.5
MPN_RS03845	SACI_RS05825	29.327	208	100	10	132	330	15	184	1.51e-07	47.4
MPN_RS03845	SACI_RS09665	25.907	193	121	7	143	330	27	202	4.43e-07	46.6
MPN_RS03845	SACI_RS05090	31.156	199	100	10	121	311	9	178	8.61e-07	45.4
MPN_RS03845	SACI_RS00230	33.750	80	44	3	252	324	793	870	4.70e-05	40.8
MPN_RS03855	SACI_RS05555	33.929	224	127	6	71	284	25	237	3.09e-28	107
MPN_RS03855	SACI_RS04805	32.020	203	126	4	72	268	17	213	1.27e-27	105
MPN_RS03855	SACI_RS01905	33.014	209	130	6	75	282	49	248	3.40e-26	100
MPN_RS03855	SACI_RS08440	31.250	208	130	5	72	267	21	227	6.16e-23	92.4
MPN_RS03855	SACI_RS10250	31.884	207	124	6	72	267	20	220	9.39e-22	87.8
MPN_RS03855	SACI_RS07320	32.000	200	120	6	73	267	21	209	1.82e-21	86.7
MPN_RS03855	SACI_RS11155	28.846	208	140	4	58	264	3	203	2.43e-20	84.7
MPN_RS03855	SACI_RS08670	31.802	283	147	15	13	278	253	506	5.89e-19	82.4
MPN_RS03855	SACI_RS08670	28.755	233	141	10	51	269	2	223	3.19e-13	65.5
MPN_RS03855	SACI_RS04940	27.801	241	135	7	56	267	22	252	5.65e-18	79.3
MPN_RS03855	SACI_RS08115	29.612	206	132	5	73	273	25	222	4.30e-17	75.5
MPN_RS03855	SACI_RS10265	30.097	206	128	6	71	267	467	665	7.29e-17	76.6
MPN_RS03855	SACI_RS01255	31.443	194	112	6	75	258	1	183	3.69e-16	72.0
MPN_RS03855	SACI_RS08615	29.167	216	116	7	72	269	21	217	6.99e-16	72.4
MPN_RS03855	SACI_RS03505	25.472	212	133	5	58	267	3	191	4.26e-15	69.7
MPN_RS03855	SACI_RS09665	29.858	211	131	7	62	267	4	202	6.70e-15	68.9
MPN_RS03855	SACI_RS04520	28.085	235	144	8	58	280	5	226	6.15e-13	63.2
MPN_RS03855	SACI_RS06195	22.727	198	140	4	73	267	20	207	1.28e-12	62.0
MPN_RS03855	SACI_RS03525	24.103	195	135	4	75	266	19	203	1.39e-11	59.3
MPN_RS03855	SACI_RS06640	25.541	231	146	7	71	283	18	240	1.47e-11	59.3
MPN_RS03855	SACI_RS04945	30.864	81	55	1	188	267	284	364	3.62e-11	58.9
MPN_RS03855	SACI_RS11140	24.737	190	123	6	87	268	32	209	1.41e-09	53.5
MPN_RS03855	SACI_RS08435	32.099	81	54	1	188	267	161	241	5.25e-09	52.4
MPN_RS03855	SACI_RS05825	22.222	198	127	5	70	267	14	184	7.08e-09	50.8
MPN_RS03855	SACI_RS02545	28.655	171	107	4	86	254	33	190	2.38e-08	49.3
MPN_RS03855	SACI_RS04200	29.000	100	66	2	170	267	274	370	8.38e-08	48.5
MPN_RS03855	SACI_RS04200	24.138	232	135	11	77	284	8	222	4.97e-04	37.0
MPN_RS03855	SACI_RS04905	22.167	203	141	5	75	269	21	214	1.18e-07	48.1
MPN_RS03855	SACI_RS03205	22.843	197	137	4	82	278	368	549	1.26e-06	45.4
MPN_RS03855	SACI_RS03205	22.843	197	131	4	82	265	99	287	2.58e-06	44.3
MPN_RS03855	SACI_RS07080	24.852	169	114	5	82	248	25	182	1.94e-05	40.8
MPN_RS03855	SACI_RS07130	27.103	107	68	2	58	162	195	293	5.10e-04	37.0
MPN_RS03870	SACI_RS00985	32.298	161	75	5	1	158	1	130	1.28e-14	67.4
