MPN_RS00010	A1S_0364	46.032	63	32	1	4	64	6	68	6.23e-10	55.8
MPN_RS00010	A1S_3443	41.270	63	34	1	4	63	7	69	5.68e-09	53.1
MPN_RS00010	A1S_3643	32.727	110	55	4	4	99	8	112	6.18e-06	43.9
MPN_RS00015	A1S_0004	48.336	571	269	6	8	571	17	568	8.27e-180	528
MPN_RS00015	A1S_0004	67.188	64	21	0	582	645	755	818	2.02e-21	95.9
MPN_RS00015	A1S_3359	36.589	645	385	12	10	650	4	628	3.33e-133	402
MPN_RS00020	A1S_2626	41.869	867	429	10	15	809	1	864	0.0	657
MPN_RS00020	A1S_2626	26.415	106	74	2	510	614	768	870	2.12e-05	44.7
MPN_RS00025	A1S_2726	50.187	267	129	3	148	411	6	271	1.20e-86	262
MPN_RS00030	A1S_2528	36.408	206	117	6	5	204	1	198	1.16e-33	116
MPN_RS00035	A1S_2056	24.324	148	104	2	6	150	38	180	1.37e-06	45.4
MPN_RS00040	A1S_2979	29.730	481	269	11	1	442	1	451	3.43e-63	207
MPN_RS00040	A1S_0506	39.362	94	54	1	218	308	177	270	7.99e-12	63.5
MPN_RS00040	A1S_0506	34.167	120	77	1	220	337	5	124	2.73e-10	58.5
MPN_RS00040	A1S_2518	32.479	117	77	2	220	334	42	158	1.78e-08	52.4
MPN_RS00045	A1S_1560	31.179	263	166	8	3	260	2	254	2.72e-34	121
MPN_RS00045	A1S_0557	34.615	130	76	3	93	218	96	220	7.08e-14	66.6
MPN_RS00090	A1S_2674	31.502	273	164	6	3	257	5	272	2.82e-35	124
MPN_RS00105	A1S_1555	24.721	538	359	10	86	610	65	569	5.65e-40	151
MPN_RS00105	A1S_1535	31.010	287	172	6	338	619	339	604	1.45e-32	129
MPN_RS00105	A1S_2561	34.071	226	134	4	365	589	488	699	7.67e-31	124
MPN_RS00105	A1S_1242	28.571	294	186	6	331	618	436	711	1.20e-25	108
MPN_RS00105	A1S_2375	34.118	170	102	2	383	552	337	496	6.05e-25	105
MPN_RS00105	A1S_0986	28.378	222	136	6	376	589	18	224	1.22e-21	90.9
MPN_RS00105	A1S_1398	31.019	216	124	8	382	589	18	216	1.60e-21	90.9
MPN_RS00105	A1S_1285	31.683	202	104	7	365	558	22	197	6.43e-21	90.1
MPN_RS00105	A1S_2536	26.786	224	143	6	383	600	18	226	7.55e-21	91.3
MPN_RS00105	A1S_2192	29.956	227	130	7	365	585	2	205	4.02e-20	89.0
MPN_RS00105	A1S_1613	28.682	258	162	8	343	589	297	543	5.79e-20	90.5
MPN_RS00105	A1S_1613	23.474	213	133	6	357	552	3	202	1.24e-07	51.2
MPN_RS00105	A1S_1483	30.698	215	125	8	383	589	34	232	7.92e-20	88.2
MPN_RS00105	A1S_0026	29.200	250	139	10	346	590	19	235	6.00e-19	84.0
MPN_RS00105	A1S_2611	25.909	220	140	6	376	587	18	222	3.24e-18	80.9
MPN_RS00105	A1S_1722	29.130	230	134	9	368	589	11	219	2.49e-17	79.3
MPN_RS00105	A1S_2387	26.180	233	144	7	365	589	2	214	2.72e-16	75.9
MPN_RS00105	A1S_3103	25.397	252	160	8	365	607	17	249	6.86e-16	75.1
MPN_RS00105	A1S_1443	29.282	181	103	6	377	556	15	171	9.47e-16	74.3
MPN_RS00105	A1S_1493	30.093	216	124	8	383	589	17	214	1.71e-15	73.2
MPN_RS00105	A1S_1671	25.561	223	132	6	387	600	359	556	2.58e-14	72.4
MPN_RS00105	A1S_1671	25.683	183	119	4	370	550	15	182	1.18e-10	60.8
MPN_RS00105	A1S_1240	27.273	176	110	4	376	548	19	179	2.64e-14	69.7
MPN_RS00105	A1S_0536	28.505	214	132	6	382	589	25	223	1.44e-13	70.5
MPN_RS00105	A1S_0144	26.147	218	126	9	376	590	19	204	2.05e-13	67.4
MPN_RS00105	A1S_1061	37.113	97	49	4	497	589	8	96	1.69e-12	61.6
MPN_RS00105	A1S_2445	25.446	224	137	7	356	568	46	250	4.43e-11	60.8
MPN_RS00105	A1S_2311	25.714	210	137	6	383	589	21	214	2.76e-10	58.5
MPN_RS00105	A1S_3221	25.000	228	140	8	380	587	19	235	1.63e-08	53.9
MPN_RS00105	A1S_3221	21.304	230	145	8	345	567	297	497	1.36e-05	44.7
MPN_RS00105	A1S_2299	26.733	202	115	9	406	589	45	231	2.28e-08	52.4
MPN_RS00105	A1S_1785	24.607	191	121	6	369	554	8	180	7.69e-08	50.4
MPN_RS00105	A1S_1360	31.944	72	47	1	383	454	56	125	1.46e-06	44.7
MPN_RS00105	A1S_0433	25.654	191	93	5	382	545	18	186	6.78e-06	45.8
MPN_RS00105	A1S_2376	53.125	32	15	0	514	545	7	38	6.04e-05	38.9
MPN_RS00110	A1S_1555	29.098	488	330	7	147	630	94	569	5.74e-69	231
MPN_RS00110	A1S_1535	29.470	509	319	11	139	628	109	596	4.65e-57	200
MPN_RS00110	A1S_2561	27.122	483	310	14	147	610	241	700	2.08e-39	150
MPN_RS00110	A1S_2375	39.583	192	114	1	411	602	335	524	5.79e-36	139
MPN_RS00110	A1S_1242	26.667	330	228	5	298	622	379	699	3.03e-29	120
MPN_RS00110	A1S_1398	29.730	222	141	7	408	621	14	228	8.77e-20	85.9
MPN_RS00110	A1S_0536	29.756	205	133	5	412	610	25	224	7.44e-19	87.4
MPN_RS00110	A1S_2387	25.000	220	154	5	408	621	12	226	1.72e-17	79.3
MPN_RS00110	A1S_0144	27.039	233	144	8	397	626	11	220	1.08e-16	77.0
MPN_RS00110	A1S_1483	28.507	221	122	9	413	614	34	237	8.83e-16	75.9
MPN_RS00110	A1S_0026	26.106	226	143	7	391	609	26	234	1.94e-15	73.6
MPN_RS00110	A1S_2192	25.806	217	131	7	413	613	21	223	4.05e-15	73.9
MPN_RS00110	A1S_1443	25.481	208	139	6	410	611	18	215	6.34e-15	72.0
MPN_RS00110	A1S_1613	26.217	267	155	13	387	628	315	564	1.02e-14	73.9
MPN_RS00110	A1S_1613	25.641	234	139	10	413	621	31	254	8.54e-08	51.6
MPN_RS00110	A1S_1240	28.634	227	132	8	412	620	25	239	1.62e-14	70.5
MPN_RS00110	A1S_1671	25.339	221	144	6	407	618	24	232	4.34e-14	72.0
MPN_RS00110	A1S_1671	27.014	211	128	6	418	618	360	554	1.30e-11	63.9
MPN_RS00110	A1S_2445	26.609	233	146	7	406	621	61	285	5.45e-13	66.6
MPN_RS00110	A1S_2611	26.214	206	135	6	412	607	24	222	6.22e-12	62.4
MPN_RS00110	A1S_1493	25.352	213	142	9	408	611	12	216	1.85e-11	61.2
MPN_RS00110	A1S_1285	23.832	214	146	7	405	612	34	236	5.53e-11	60.5
MPN_RS00110	A1S_2536	28.169	213	132	10	413	614	18	220	9.89e-11	60.5
MPN_RS00110	A1S_0986	25.118	211	135	8	412	609	24	224	1.24e-10	58.5
MPN_RS00110	A1S_3103	23.346	257	164	10	375	618	4	240	1.39e-10	59.3
MPN_RS00110	A1S_3221	26.214	206	122	8	408	606	334	516	2.54e-09	56.6
MPN_RS00110	A1S_2299	25.523	239	158	7	408	630	17	251	2.75e-08	52.0
MPN_RS00110	A1S_2311	25.698	179	124	5	413	589	21	192	4.01e-08	52.0
MPN_RS00110	A1S_1722	23.913	230	150	9	394	611	5	221	5.96e-08	51.2
MPN_RS00110	A1S_0433	24.691	243	131	9	397	607	6	228	1.14e-07	51.2
MPN_RS00110	A1S_1061	32.955	88	56	2	534	618	18	105	2.27e-07	47.0
MPN_RS00110	A1S_2376	38.806	67	39	1	534	598	7	73	2.56e-07	45.8
MPN_RS00110	A1S_2073	24.229	227	144	8	410	621	18	231	5.99e-07	48.9
MPN_RS00110	A1S_2377	22.034	118	91	1	390	506	38	155	1.31e-05	42.7
MPN_RS00110	A1S_1360	33.333	66	42	1	413	478	56	119	1.59e-05	41.6
MPN_RS00110	A1S_1785	30.000	90	48	2	534	622	136	211	3.80e-05	42.4
MPN_RS00110	A1S_1059	32.927	82	46	4	407	480	11	91	8.73e-05	39.7
MPN_RS00110	A1S_1749	30.252	119	69	4	500	604	597	715	1.82e-04	41.2
MPN_RS00115	A1S_2462	24.742	194	125	7	600	776	177	366	6.44e-04	40.4
MPN_RS00120	A1S_3443	34.239	368	218	7	4	370	2	346	1.28e-54	181
MPN_RS00120	A1S_0364	44.828	87	34	3	6	92	3	75	3.94e-14	69.3
MPN_RS00120	A1S_3643	41.176	68	34	1	7	74	6	67	8.45e-10	56.6
MPN_RS00120	A1S_3854	33.333	48	32	0	17	64	303	350	3.49e-04	38.9
MPN_RS00125	A1S_0993	26.207	145	82	5	7	127	17	160	5.54e-04	37.7
MPN_RS00130	A1S_0778	24.138	551	362	17	1	512	1	534	1.88e-36	140
MPN_RS00130	A1S_0542	30.769	117	75	2	12	122	4	120	3.74e-08	52.4
MPN_RS00130	A1S_0020	42.857	63	31	1	288	350	601	658	8.53e-08	51.6
MPN_RS00130	A1S_0020	25.949	158	91	5	12	146	68	222	1.87e-06	47.4
MPN_RS00140	A1S_1544	31.361	338	170	11	2	288	3	329	1.46e-43	148
MPN_RS00145	A1S_1481	45.714	350	184	4	2	350	3	347	1.97e-102	303
MPN_RS00145	A1S_2498	26.368	201	112	5	5	192	163	340	3.64e-17	79.0
MPN_RS00155	A1S_2485	35.417	96	60	1	6	99	51	146	1.72e-09	54.7
MPN_RS00155	A1S_0939	22.609	115	84	3	8	121	56	166	1.76e-05	42.4
MPN_RS00155	A1S_0513	30.097	103	57	4	1	98	1	93	3.26e-04	38.1
MPN_RS00160	A1S_2419	29.444	180	118	3	17	187	9	188	3.45e-21	83.2
MPN_RS00175	A1S_2155	24.390	82	60	1	27	108	88	167	2.54e-04	35.4
MPN_RS00175	A1S_2765	28.261	46	33	0	63	108	149	194	2.73e-04	35.4
MPN_RS00180	A1S_0765	40.000	205	122	1	2	205	3	207	7.40e-51	160
MPN_RS00185	A1S_1465	21.368	819	424	28	715	1431	180	880	5.35e-20	93.6
MPN_RS00185	A1S_1054	27.473	182	123	7	391	567	254	431	4.08e-08	53.9
MPN_RS00185	A1S_1065	24.468	188	107	7	409	569	24	203	6.63e-07	48.5
MPN_RS00235	A1S_0503	32.319	427	263	9	1	408	1	420	1.87e-59	196
MPN_RS00240	A1S_2894	35.294	595	293	13	14	543	6	573	7.40e-120	363
MPN_RS00240	A1S_0998	28.627	255	147	10	19	253	69	308	6.35e-14	70.9
MPN_RS00240	A1S_0998	28.889	90	56	2	445	526	413	502	1.38e-07	50.8
MPN_RS00240	A1S_2636	25.000	152	92	7	135	275	14	154	0.001	38.1
MPN_RS00245	A1S_1780	35.153	458	258	10	8	439	1	445	1.59e-74	239
MPN_RS00265	A1S_2670	49.701	501	246	4	5	505	6	500	4.29e-179	509
MPN_RS00270	A1S_1984	26.522	230	122	7	6	189	4	232	8.06e-10	56.6
MPN_RS00270	A1S_1363	22.477	218	151	6	5	216	7	212	1.74e-08	52.4
MPN_RS00270	A1S_0095	41.667	48	28	0	6	53	3	50	1.58e-05	43.1
MPN_RS00270	A1S_1084	26.432	227	139	11	5	215	74	288	1.66e-04	40.0
MPN_RS00270	A1S_1326	24.623	199	116	8	5	189	4	182	2.31e-04	39.3
MPN_RS00280	A1S_0589	29.268	82	57	1	1	82	1	81	7.24e-07	40.0
MPN_RS00280	A1S_1945	31.081	74	50	1	6	78	287	360	7.01e-06	39.3
MPN_RS00305	A1S_2536	47.368	152	78	1	310	459	96	247	4.91e-41	148
MPN_RS00305	A1S_2536	38.017	121	74	1	7	127	3	122	3.80e-23	97.8
MPN_RS00305	A1S_1285	49.000	100	49	1	333	430	137	236	1.71e-24	100
MPN_RS00305	A1S_1285	37.624	101	57	3	6	103	21	118	3.10e-13	67.0
MPN_RS00305	A1S_1722	44.737	114	61	1	318	429	108	221	4.40e-24	99.0
MPN_RS00305	A1S_1722	43.023	86	46	2	20	105	24	106	3.09e-13	67.0
MPN_RS00305	A1S_2192	37.984	129	80	0	321	449	113	241	8.65e-24	99.4
MPN_RS00305	A1S_2192	32.967	91	55	2	26	110	24	114	2.14e-08	52.8
MPN_RS00305	A1S_1061	35.088	114	74	0	339	452	8	121	1.67e-23	92.8
MPN_RS00305	A1S_0026	47.619	105	55	0	325	429	132	236	3.50e-23	96.3
MPN_RS00305	A1S_0026	37.755	98	60	1	7	104	32	128	1.99e-11	61.2
MPN_RS00305	A1S_3103	35.862	145	90	2	298	440	103	246	8.34e-22	92.4
MPN_RS00305	A1S_3103	38.053	113	61	4	6	112	16	125	5.53e-15	72.0
MPN_RS00305	A1S_1443	45.283	106	58	0	318	423	102	207	1.11e-21	91.7
MPN_RS00305	A1S_1443	43.750	96	51	2	23	118	21	113	9.35e-16	74.3
MPN_RS00305	A1S_1483	40.000	115	69	0	327	441	132	246	3.61e-21	92.0
MPN_RS00305	A1S_1483	35.772	123	69	5	7	120	15	136	2.12e-11	62.4
MPN_RS00305	A1S_2299	29.609	179	119	3	272	449	81	253	3.87e-21	90.1
MPN_RS00305	A1S_2299	35.455	110	55	2	9	103	9	117	1.02e-05	43.9
MPN_RS00305	A1S_1493	39.695	131	68	3	319	448	107	227	4.73e-20	86.7
MPN_RS00305	A1S_1493	33.333	99	61	2	6	100	1	98	2.19e-11	60.8
MPN_RS00305	A1S_1398	35.156	128	82	1	322	449	112	238	2.12e-19	84.3
MPN_RS00305	A1S_1398	37.255	102	59	2	6	103	3	103	1.02e-15	73.6
MPN_RS00305	A1S_1360	46.512	86	45	1	6	91	40	124	1.09e-18	79.3
MPN_RS00305	A1S_1613	34.653	101	66	0	344	444	460	560	1.36e-18	85.9
MPN_RS00305	A1S_1613	28.188	149	103	2	296	441	109	256	2.76e-16	78.6
MPN_RS00305	A1S_1613	28.431	102	59	3	2	89	311	412	4.95e-05	42.7
MPN_RS00305	A1S_1361	32.192	146	91	3	404	543	1	144	6.31e-16	72.8
MPN_RS00305	A1S_1671	36.220	127	71	5	2	121	335	458	2.38e-15	75.5
MPN_RS00305	A1S_1671	40.449	89	51	2	348	436	468	554	1.36e-13	70.1
MPN_RS00305	A1S_1671	35.088	114	73	1	320	433	117	229	1.60e-12	66.6
MPN_RS00305	A1S_1671	37.500	80	49	1	22	100	29	108	2.78e-11	62.8
MPN_RS00305	A1S_0986	40.217	92	54	1	336	427	134	224	1.44e-14	70.1
MPN_RS00305	A1S_0986	30.435	92	58	1	20	105	22	113	5.32e-08	50.4
MPN_RS00305	A1S_0144	29.814	161	102	4	285	445	72	221	9.30e-14	68.2
MPN_RS00305	A1S_0144	28.889	45	32	0	23	67	26	70	2.04e-04	40.0
MPN_RS00305	A1S_2387	32.787	122	82	0	304	425	91	212	1.01e-13	68.2
MPN_RS00305	A1S_2387	27.500	120	79	4	6	123	1	114	2.05e-08	52.0
MPN_RS00305	A1S_2445	29.703	101	69	1	349	449	197	295	1.35e-13	68.6
MPN_RS00305	A1S_2445	33.684	95	53	3	20	105	65	158	3.16e-07	48.9
MPN_RS00305	A1S_0536	30.137	146	96	3	288	429	82	225	1.98e-13	69.7
MPN_RS00305	A1S_0536	30.400	125	76	3	1	116	1	123	1.70e-11	63.5
MPN_RS00305	A1S_2611	35.000	120	73	2	310	425	104	222	3.70e-13	65.9
MPN_RS00305	A1S_2611	30.556	144	84	5	4	134	3	143	1.90e-12	63.9
MPN_RS00305	A1S_1240	26.230	122	89	1	318	439	114	234	5.38e-13	65.9
MPN_RS00305	A1S_1240	32.099	81	52	1	23	100	26	106	1.33e-10	58.5
MPN_RS00305	A1S_2311	39.241	79	47	1	349	427	137	214	2.08e-12	65.1
MPN_RS00305	A1S_2311	33.333	78	51	1	12	88	10	87	1.97e-10	58.9
MPN_RS00305	A1S_2561	41.463	82	45	3	23	102	505	585	2.42e-11	63.2
MPN_RS00305	A1S_2561	38.947	95	47	4	335	429	618	701	1.61e-07	50.8
MPN_RS00305	A1S_2376	41.096	73	43	0	349	421	7	79	9.62e-11	55.5
MPN_RS00305	A1S_0433	43.590	78	41	1	348	425	154	228	1.12e-10	60.8
MPN_RS00305	A1S_0433	31.746	63	38	2	27	84	23	85	6.04e-04	39.3
MPN_RS00305	A1S_1555	35.556	90	55	2	16	103	344	432	1.70e-10	60.1
MPN_RS00305	A1S_1555	36.905	84	50	2	349	432	473	553	1.06e-07	51.2
MPN_RS00305	A1S_1785	35.354	99	62	2	343	441	130	226	2.12e-10	58.2
MPN_RS00305	A1S_1785	30.159	126	80	4	6	127	1	122	7.25e-08	50.4
MPN_RS00305	A1S_1535	33.654	104	63	3	332	432	482	582	4.57e-09	55.5
MPN_RS00305	A1S_1535	39.785	93	47	3	13	103	372	457	3.65e-07	49.7
MPN_RS00305	A1S_1242	39.241	79	45	2	27	103	494	571	1.16e-08	54.3
MPN_RS00305	A1S_1242	42.529	87	46	3	349	435	611	693	1.37e-05	44.7
MPN_RS00305	A1S_3221	44.262	61	30	1	349	409	163	219	1.76e-07	50.4
MPN_RS00305	A1S_3221	27.419	62	44	1	6	67	323	383	1.53e-05	44.3
MPN_RS00305	A1S_3221	26.316	133	81	3	23	148	22	144	3.22e-04	40.0
MPN_RS00305	A1S_2375	35.714	84	51	2	22	103	336	418	7.56e-07	48.5
MPN_RS00305	A1S_2375	38.028	71	40	1	337	407	446	512	6.63e-06	45.4
MPN_RS00305	A1S_0007	27.928	111	75	2	316	425	397	503	4.34e-06	46.2
MPN_RS00305	A1S_0007	38.710	62	34	1	349	410	149	206	1.45e-04	41.2
MPN_RS00315	A1S_1362	25.221	226	155	5	70	284	68	290	1.91e-07	48.5
MPN_RS00315	A1S_1362	24.312	218	151	7	76	286	357	567	8.63e-04	37.4
MPN_RS00315	A1S_2534	24.138	145	102	4	82	218	66	210	4.36e-05	40.8
MPN_RS00325	A1S_2244	36.508	315	179	8	5	308	1	305	3.74e-60	192
MPN_RS00325	A1S_0699	27.103	107	67	2	7	113	3	98	2.69e-05	41.2
MPN_RS00330	A1S_1519	39.426	383	213	8	10	376	4	383	3.68e-88	268
MPN_RS00340	A1S_1930	34.387	253	149	6	42	283	108	354	3.77e-35	130
MPN_RS00355	A1S_2359	24.265	136	99	2	1	133	1	135	2.29e-04	39.7
MPN_RS00365	A1S_3320	23.276	348	218	10	45	382	4	312	1.58e-14	72.4
MPN_RS00365	A1S_0887	22.857	350	218	18	39	378	6	313	6.61e-06	45.4
MPN_RS00370	A1S_0282	22.000	150	86	4	9	157	3	122	2.22e-06	43.9
MPN_RS00390	A1S_1048	30.973	226	141	5	6	230	7	218	4.93e-19	81.3
MPN_RS00395	A1S_0838	32.292	96	57	4	6	95	127	220	5.14e-04	36.6
MPN_RS00400	A1S_0829	41.772	316	176	5	65	377	3	313	9.72e-84	255
MPN_RS00400	A1S_1781	26.855	283	168	12	92	347	15	285	1.13e-14	70.5
MPN_RS00405	A1S_2485	35.514	107	66	2	3	107	52	157	1.61e-09	55.1
MPN_RS00405	A1S_2900	27.273	121	65	5	4	119	7	109	1.04e-05	42.7
MPN_RS00410	A1S_0587	28.682	129	76	5	85	201	152	276	6.07e-04	38.5
MPN_RS00425	A1S_1947	38.936	470	242	12	168	635	104	530	4.32e-88	284
MPN_RS00430	A1S_1946	24.242	264	189	6	25	282	29	287	4.11e-14	68.2
MPN_RS00435	A1S_0987	23.629	237	144	7	507	716	243	469	3.43e-04	41.6
MPN_RS00440	A1S_2611	36.530	219	134	3	231	445	5	222	3.99e-47	159
MPN_RS00440	A1S_0536	39.004	241	136	4	228	462	3	238	9.29e-43	157
MPN_RS00440	A1S_0986	36.232	207	129	1	250	453	24	230	3.77e-40	140
MPN_RS00440	A1S_2192	39.462	223	125	6	231	447	1	219	1.33e-38	140
MPN_RS00440	A1S_1285	34.583	240	130	7	231	463	21	240	2.79e-36	132
MPN_RS00440	A1S_1398	38.095	210	122	7	250	455	18	223	2.69e-32	120
MPN_RS00440	A1S_1493	32.743	226	133	7	227	447	3	214	5.13e-32	119
MPN_RS00440	A1S_2536	31.489	235	141	6	232	459	3	224	1.21e-30	118
MPN_RS00440	A1S_1483	34.158	202	125	4	251	447	34	232	5.60e-29	114
MPN_RS00440	A1S_3103	33.645	214	129	5	254	456	35	246	2.89e-28	110
MPN_RS00440	A1S_1722	31.944	216	128	5	232	444	8	207	1.21e-27	108
MPN_RS00440	A1S_1443	40.957	188	88	8	250	429	20	192	1.78e-26	104
MPN_RS00440	A1S_0026	31.600	250	144	10	217	458	17	247	9.32e-26	102
MPN_RS00440	A1S_2299	37.991	229	117	9	250	457	21	245	1.49e-25	102
MPN_RS00440	A1S_1613	30.870	230	136	8	251	459	31	258	6.43e-21	92.0
MPN_RS00440	A1S_1613	24.427	262	180	9	203	447	283	543	1.18e-17	82.0
MPN_RS00440	A1S_0144	27.624	181	110	4	250	429	25	185	9.81e-20	85.5
MPN_RS00440	A1S_2445	31.401	207	121	7	250	441	67	267	9.99e-19	83.2
MPN_RS00440	A1S_1671	27.624	181	119	4	227	401	3	177	5.62e-18	83.2
MPN_RS00440	A1S_1671	30.653	199	125	5	266	462	370	557	6.08e-16	76.6
MPN_RS00440	A1S_1785	29.442	197	131	5	250	442	16	208	3.21e-17	78.2
MPN_RS00440	A1S_1242	33.168	202	115	8	256	447	495	686	8.33e-17	79.7
MPN_RS00440	A1S_2561	28.780	205	130	7	250	447	504	699	8.65e-17	79.7
MPN_RS00440	A1S_2375	31.500	200	109	9	244	430	330	514	1.63e-16	78.6
MPN_RS00440	A1S_1240	26.946	167	114	3	239	401	14	176	2.39e-16	75.5
MPN_RS00440	A1S_2311	28.856	201	124	8	234	428	7	194	1.97e-15	73.6
MPN_RS00440	A1S_2387	24.107	224	155	5	231	448	1	215	1.15e-14	70.5
MPN_RS00440	A1S_1535	28.477	302	177	12	169	447	292	577	1.79e-14	72.4
MPN_RS00440	A1S_1555	28.241	216	118	8	251	447	351	548	2.19e-13	68.9
MPN_RS00440	A1S_3221	25.000	200	127	5	231	429	323	500	8.29e-12	63.9
MPN_RS00440	A1S_3221	26.255	259	129	10	238	453	4	243	3.85e-11	61.6
MPN_RS00440	A1S_1061	33.333	90	59	1	363	451	11	100	1.66e-11	58.2
MPN_RS00440	A1S_1360	34.951	103	49	2	230	320	23	119	3.46e-11	57.4
MPN_RS00440	A1S_2376	46.377	69	35	2	370	437	7	74	1.04e-09	52.0
MPN_RS00440	A1S_0433	24.454	229	140	7	249	453	17	236	9.18e-09	54.3
MPN_RS00440	A1S_0433	29.570	186	111	6	262	446	345	511	4.28e-06	45.8
MPN_RS00440	A1S_0007	24.651	215	134	9	244	453	320	511	5.87e-08	51.6
MPN_RS00440	A1S_1059	28.723	94	64	1	250	340	16	109	1.74e-06	44.3
MPN_RS00440	A1S_2377	28.346	127	81	4	213	338	27	144	2.54e-05	41.6
MPN_RS00440	A1S_3295	31.183	93	59	3	352	440	813	904	8.09e-04	38.5
MPN_RS00445	A1S_1520	40.092	217	127	2	27	240	1	217	1.76e-48	167
MPN_RS00445	A1S_1521	33.597	253	158	6	400	648	1	247	1.63e-38	139
MPN_RS00445	A1S_0969	30.924	249	146	10	21	259	34	266	3.86e-23	96.7
MPN_RS00445	A1S_3328	23.980	196	137	8	20	210	101	289	1.04e-04	42.0
MPN_RS00600	A1S_0601	38.645	251	138	4	90	340	92	326	1.76e-58	188
MPN_RS00605	A1S_0602	24.618	589	395	16	18	588	16	573	8.27e-37	145
MPN_RS00665	A1S_0597	46.018	113	61	0	2	114	3	115	8.83e-31	103
MPN_RS00675	A1S_3443	58.904	73	25	2	4	73	2	72	1.30e-19	88.6
MPN_RS00675	A1S_0364	50.000	76	34	1	6	81	3	74	2.07e-15	75.1
MPN_RS00675	A1S_3643	46.774	62	33	0	7	68	6	67	3.66e-10	59.3
MPN_RS00695	A1S_0004	42.218	559	311	10	5	560	19	568	5.30e-139	422
MPN_RS00695	A1S_0004	55.000	60	27	0	569	628	755	814	6.30e-17	81.3
MPN_RS00695	A1S_3359	36.755	604	361	12	5	602	4	592	1.33e-126	384
MPN_RS00700	A1S_2626	32.245	735	426	14	12	689	10	729	3.27e-115	367
MPN_RS00710	A1S_0310	27.273	572	380	18	12	566	16	568	3.51e-52	185
MPN_RS00775	A1S_2536	39.459	185	94	3	328	509	112	281	5.96e-38	140
MPN_RS00775	A1S_2536	53.061	98	46	0	12	109	2	99	3.84e-26	106
MPN_RS00775	A1S_3103	38.596	114	65	1	9	117	13	126	3.12e-23	96.7
MPN_RS00775	A1S_3103	38.806	134	73	4	341	468	127	257	6.96e-19	84.0
MPN_RS00775	A1S_1722	38.739	111	61	3	358	461	133	243	3.74e-20	87.8
MPN_RS00775	A1S_1722	29.032	217	137	6	9	221	4	207	1.06e-17	80.5
MPN_RS00775	A1S_1285	38.211	123	69	2	344	459	133	255	5.65e-19	84.3
MPN_RS00775	A1S_1285	41.667	84	46	1	24	107	37	117	7.70e-16	75.1
MPN_RS00775	A1S_0026	37.624	101	63	0	344	444	136	236	7.91e-19	83.6
MPN_RS00775	A1S_0026	27.451	102	73	1	22	122	41	142	1.13e-07	50.1
MPN_RS00775	A1S_2192	35.772	123	76	1	345	464	119	241	8.14e-18	81.6
MPN_RS00775	A1S_2192	35.849	106	59	4	13	109	2	107	2.76e-10	58.9
MPN_RS00775	A1S_1061	32.110	109	74	0	358	466	12	120	1.13e-17	76.3
MPN_RS00775	A1S_2299	38.679	106	64	1	359	464	149	253	1.69e-17	79.3
MPN_RS00775	A1S_1613	32.710	107	72	0	358	464	459	565	1.91e-17	82.4
MPN_RS00775	A1S_1613	30.714	140	94	2	361	497	161	300	1.81e-15	75.9
MPN_RS00775	A1S_1613	32.222	90	54	4	27	109	339	428	1.88e-04	40.8
MPN_RS00775	A1S_1398	39.604	101	56	2	22	117	13	113	3.30e-16	75.1
MPN_RS00775	A1S_1398	34.400	125	77	2	344	464	115	238	1.62e-15	73.2
MPN_RS00775	A1S_1360	44.186	86	48	0	7	92	35	120	3.61e-16	72.0
MPN_RS00775	A1S_1443	37.748	151	78	6	11	156	2	141	5.29e-16	75.1
MPN_RS00775	A1S_1443	36.893	103	60	2	345	442	111	213	2.53e-12	64.3
MPN_RS00775	A1S_1671	35.922	103	65	1	6	107	333	435	1.05e-15	76.6
MPN_RS00775	A1S_1671	42.529	87	47	2	27	112	29	113	1.30e-12	67.0
MPN_RS00775	A1S_1671	32.609	92	60	2	360	451	465	554	2.10e-08	53.5
MPN_RS00775	A1S_1671	27.826	115	82	1	337	451	119	232	2.56e-08	53.1
MPN_RS00775	A1S_2611	35.052	97	62	1	344	440	127	222	1.26e-15	73.2
MPN_RS00775	A1S_2611	31.667	120	70	3	9	116	2	121	2.78e-12	63.5
MPN_RS00775	A1S_1483	33.654	104	69	0	361	464	151	254	3.03e-15	74.3
MPN_RS00775	A1S_1483	25.000	88	61	1	27	109	33	120	5.08e-06	45.4
MPN_RS00775	A1S_2445	31.858	113	75	1	352	464	185	295	3.58e-14	70.1
MPN_RS00775	A1S_2445	29.897	97	58	4	20	107	60	155	1.73e-05	43.5
MPN_RS00775	A1S_1361	34.104	173	90	10	420	574	2	168	4.81e-14	67.4
MPN_RS00775	A1S_0144	25.786	159	111	3	305	463	71	222	3.79e-13	66.6
MPN_RS00775	A1S_0144	31.667	60	41	0	13	72	11	70	7.40e-07	47.4
MPN_RS00775	A1S_0986	35.644	101	59	1	28	122	25	125	9.11e-13	64.7
MPN_RS00775	A1S_0986	31.818	110	71	1	322	427	101	210	7.37e-12	62.0
MPN_RS00775	A1S_2387	40.964	83	49	0	364	446	136	218	1.89e-12	64.3
MPN_RS00775	A1S_2387	33.333	60	40	0	13	72	2	61	5.50e-06	44.7
MPN_RS00775	A1S_1493	33.333	108	69	2	359	464	132	238	3.81e-11	60.5
MPN_RS00775	A1S_1493	29.293	99	62	2	13	105	2	98	1.34e-10	58.5
MPN_RS00775	A1S_0536	32.117	137	89	4	291	427	77	209	1.11e-10	60.8
MPN_RS00775	A1S_0536	35.780	109	60	4	10	108	4	112	3.11e-10	59.3
MPN_RS00775	A1S_0433	37.500	80	45	2	362	440	153	228	1.56e-10	60.5
MPN_RS00775	A1S_0433	34.848	66	42	1	13	77	4	69	1.51e-05	44.3
MPN_RS00775	A1S_3221	33.766	77	47	1	364	440	163	235	5.77e-10	58.5
MPN_RS00775	A1S_3221	35.088	57	37	0	13	69	324	380	3.17e-06	46.6
MPN_RS00775	A1S_1555	34.000	100	61	2	356	454	465	560	1.00e-09	57.8
MPN_RS00775	A1S_1555	25.203	123	88	3	10	129	332	453	1.12e-05	44.7
MPN_RS00775	A1S_1242	34.259	108	59	5	14	112	473	577	1.40e-09	57.4
MPN_RS00775	A1S_2561	35.443	79	46	2	364	442	626	699	6.34e-09	55.5
MPN_RS00775	A1S_2561	27.358	106	72	3	6	107	481	585	5.42e-07	49.3
MPN_RS00775	A1S_2311	35.802	81	51	1	27	106	20	100	7.45e-09	53.9
MPN_RS00775	A1S_2311	27.184	103	74	1	342	444	115	216	4.01e-08	52.0
MPN_RS00775	A1S_1240	29.245	106	74	1	346	451	127	231	1.16e-08	52.8
MPN_RS00775	A1S_1240	22.857	105	78	1	5	106	3	107	5.99e-08	50.8
MPN_RS00775	A1S_1785	33.333	87	56	2	357	442	128	213	2.46e-08	52.0
MPN_RS00775	A1S_1785	26.136	88	57	1	22	109	11	90	1.56e-04	40.4
MPN_RS00775	A1S_0007	29.348	92	61	1	363	454	430	517	3.30e-08	53.1
MPN_RS00775	A1S_0007	29.730	74	48	1	362	435	147	216	7.59e-07	48.5
MPN_RS00775	A1S_2375	34.694	98	52	3	327	422	425	512	2.17e-07	50.1
MPN_RS00775	A1S_2376	36.667	60	38	0	364	423	7	66	4.53e-07	45.1
MPN_RS00775	A1S_1535	28.125	96	66	1	359	454	497	589	5.28e-07	48.9
MPN_RS00775	A1S_1535	29.293	99	67	2	9	105	357	454	7.44e-06	45.4
MPN_RS00775	A1S_1059	24.060	133	87	5	13	132	2	133	1.02e-04	39.3
MPN_RS00875	A1S_0335	28.977	352	222	13	12	351	5	340	5.98e-28	114
MPN_RS00885	A1S_2835	33.784	148	75	3	124	250	10	155	2.90e-14	72.4
MPN_RS00885	A1S_0554	27.041	196	102	7	126	294	19	200	2.36e-10	59.7
MPN_RS00885	A1S_0279	29.114	237	130	10	124	328	15	245	5.75e-09	55.1
MPN_RS00885	A1S_0869	31.515	165	83	6	127	267	4	162	1.09e-08	53.9
MPN_RS00885	A1S_0868	28.082	146	81	2	124	245	13	158	6.90e-08	52.0
MPN_RS00885	A1S_2522	25.564	133	80	1	125	238	17	149	2.65e-07	50.1
MPN_RS00885	A1S_1001	35.366	82	49	3	153	232	89	168	2.18e-05	43.9
MPN_RS00905	A1S_0375	31.013	158	99	4	208	363	60	209	1.82e-15	73.2
MPN_RS00905	A1S_1005	21.756	262	186	4	102	349	102	358	2.93e-14	70.9
MPN_RS00930	A1S_3081	33.333	96	64	0	12	107	6	101	6.89e-20	74.7
MPN_RS00935	A1S_3080	38.942	208	119	3	5	208	4	207	2.07e-43	144
MPN_RS00940	A1S_3079	35.028	177	101	5	18	188	11	179	1.17e-24	93.2
MPN_RS00945	A1S_3078	36.782	87	51	3	3	88	6	89	1.81e-04	36.6
MPN_RS00950	A1S_3077	50.196	255	120	5	29	283	25	272	6.01e-79	237
MPN_RS00960	A1S_3076	51.042	96	47	0	12	107	12	107	4.16e-25	90.1
MPN_RS00965	A1S_3075	46.190	210	110	2	1	210	1	207	1.20e-58	184
MPN_RS00970	A1S_3074	44.776	134	74	0	1	134	1	134	3.95e-33	110
MPN_RS00975	A1S_3073	39.062	64	35	2	5	66	4	65	5.64e-06	38.1
MPN_RS00980	A1S_3072	42.857	84	47	1	1	84	1	83	1.46e-15	62.4
MPN_RS00985	A1S_3071	54.918	122	55	0	1	122	1	122	1.06e-43	136
MPN_RS00990	A1S_3070	38.393	112	57	5	1	111	1	101	7.91e-14	59.3
MPN_RS00995	A1S_3069	51.977	177	85	0	1	177	1	177	8.53e-71	209
MPN_RS01000	A1S_3068	39.216	51	29	1	13	61	51	101	1.04e-06	38.9
MPN_RS01005	A1S_3067	51.163	129	60	2	13	141	5	130	7.00e-40	127
MPN_RS01010	A1S_3066	43.258	178	98	2	1	178	1	175	1.66e-44	142
MPN_RS01015	A1S_3065	43.333	90	48	1	30	116	27	116	3.17e-15	63.5
MPN_RS01020	A1S_3064	42.105	152	88	0	68	219	9	160	5.29e-40	132
MPN_RS01025	A1S_3062	40.541	148	82	4	1	147	3	145	1.90e-26	94.4
MPN_RS01030	A1S_3061	35.776	464	256	13	5	449	3	443	3.86e-78	248
MPN_RS01035	A1S_1023	31.492	181	120	3	4	183	2	179	2.28e-23	90.1
MPN_RS01040	A1S_2324	29.528	254	167	7	4	247	12	263	1.52e-29	108
MPN_RS01040	A1S_1940	32.275	189	126	2	60	247	65	252	4.80e-29	107
MPN_RS01040	A1S_1039	22.182	275	161	12	1	247	172	421	1.45e-04	39.3
MPN_RS01045	A1S_0421	48.529	68	35	0	10	77	4	71	2.42e-16	63.5
MPN_RS01050	A1S_3060	60.526	38	14	1	1	37	1	38	9.83e-11	46.6
MPN_RS01055	A1S_3059	53.448	116	54	0	1	116	1	116	3.57e-41	129
MPN_RS01060	A1S_3058	46.218	119	64	0	3	121	9	127	4.46e-37	119
MPN_RS01065	A1S_3056	32.013	303	180	7	29	325	30	312	2.98e-39	138
MPN_RS01070	A1S_3055	37.391	115	66	1	6	120	9	117	2.06e-16	67.0
MPN_RS01075	A1S_1398	32.735	223	145	4	11	229	5	226	1.03e-38	132
MPN_RS01075	A1S_2536	33.488	215	134	6	25	233	18	229	4.52e-33	120
MPN_RS01075	A1S_1483	29.832	238	155	5	21	247	30	266	1.06e-29	111
MPN_RS01075	A1S_2192	31.100	209	138	4	28	231	24	231	1.13e-27	105
MPN_RS01075	A1S_2445	30.472	233	145	8	11	229	54	283	3.19e-27	103
MPN_RS01075	A1S_1285	27.126	247	159	7	19	261	35	264	2.40e-26	101
MPN_RS01075	A1S_1671	29.310	232	160	3	7	238	337	564	3.53e-26	103
MPN_RS01075	A1S_1671	24.424	217	147	4	20	228	25	232	3.55e-20	86.7
MPN_RS01075	A1S_0986	30.093	216	138	7	13	219	13	224	4.15e-26	99.4
MPN_RS01075	A1S_3103	29.046	241	160	6	5	237	12	249	2.10e-25	98.6
MPN_RS01075	A1S_1493	27.397	219	150	5	19	231	11	226	3.69e-25	97.4
MPN_RS01075	A1S_2611	30.882	204	134	5	20	217	20	222	6.68e-25	96.3
MPN_RS01075	A1S_1722	30.806	211	131	6	27	228	29	233	7.54e-25	97.1
MPN_RS01075	A1S_0026	28.502	207	137	5	15	219	37	234	7.79e-25	97.1
MPN_RS01075	A1S_1535	29.060	234	149	4	7	228	358	586	1.62e-24	99.4
MPN_RS01075	A1S_2561	31.416	226	143	7	2	220	480	700	1.02e-23	97.1
MPN_RS01075	A1S_1555	28.696	230	154	4	7	229	332	558	2.35e-23	95.9
MPN_RS01075	A1S_0536	29.612	206	138	4	20	220	21	224	3.53e-23	95.5
MPN_RS01075	A1S_1613	33.478	230	110	8	17	220	332	544	5.44e-23	94.7
MPN_RS01075	A1S_1613	32.661	248	137	11	11	232	19	262	5.61e-22	92.0
MPN_RS01075	A1S_2299	28.755	233	149	5	15	231	12	243	1.48e-22	90.5
MPN_RS01075	A1S_1443	27.000	200	137	4	17	214	13	205	3.42e-22	89.7
MPN_RS01075	A1S_2375	33.503	197	113	6	11	200	327	512	2.25e-20	87.0
MPN_RS01075	A1S_2311	26.047	215	148	6	25	234	21	229	6.27e-20	84.3
MPN_RS01075	A1S_1240	24.138	232	171	5	18	246	19	248	1.18e-18	79.7
MPN_RS01075	A1S_0144	27.536	207	129	7	24	228	25	212	5.71e-18	78.2
MPN_RS01075	A1S_2387	24.359	234	170	5	18	245	10	242	9.86e-18	77.4
MPN_RS01075	A1S_1785	28.019	207	147	2	17	221	9	215	7.85e-17	74.7
MPN_RS01075	A1S_1242	26.160	237	158	7	12	237	474	704	2.23e-16	75.5
MPN_RS01075	A1S_1061	35.714	98	59	3	137	231	12	108	1.74e-13	62.8
MPN_RS01075	A1S_3221	27.895	190	110	6	18	201	332	500	1.26e-12	64.3
MPN_RS01075	A1S_3221	22.897	214	113	6	24	201	21	218	1.80e-09	54.7
MPN_RS01075	A1S_0433	24.569	232	148	8	8	217	2	228	1.41e-12	63.9
MPN_RS01075	A1S_0433	26.380	163	95	4	18	174	327	470	2.94e-06	44.7
MPN_RS01075	A1S_2376	41.096	73	42	1	143	214	7	79	4.61e-11	55.1
MPN_RS01075	A1S_1749	28.030	132	80	4	117	233	304	435	2.35e-08	51.2
MPN_RS01075	A1S_1749	25.000	72	54	0	141	212	642	713	1.58e-04	39.7
MPN_RS01075	A1S_1360	31.343	67	44	1	25	91	56	120	4.19e-06	42.0
MPN_RS01075	A1S_0007	21.973	223	128	9	11	218	313	504	6.82e-06	43.5
MPN_RS01075	A1S_3295	26.667	90	64	1	136	223	481	570	9.93e-06	43.1
MPN_RS01075	A1S_3295	34.247	73	45	1	143	212	832	904	3.57e-05	41.6
MPN_RS01075	A1S_2073	22.749	211	136	7	24	219	20	218	1.54e-05	42.4
MPN_RS01075	A1S_1060	38.000	50	30	1	25	74	93	141	1.31e-04	38.5
MPN_RS01080	A1S_2299	34.167	240	125	7	36	248	8	241	6.31e-34	121
MPN_RS01080	A1S_1398	32.766	235	145	6	16	248	3	226	5.05e-32	116
MPN_RS01080	A1S_1493	32.407	216	138	5	35	248	15	224	4.39e-31	114
MPN_RS01080	A1S_3103	31.474	251	157	8	1	247	1	240	8.15e-30	111
MPN_RS01080	A1S_2192	32.727	220	135	6	34	248	18	229	2.50e-28	108
MPN_RS01080	A1S_2536	30.603	232	135	6	28	248	9	225	2.98e-28	108
MPN_RS01080	A1S_0536	33.043	230	139	8	16	240	6	225	2.12e-27	108
MPN_RS01080	A1S_1483	29.365	252	157	6	26	274	23	256	4.37e-27	105
MPN_RS01080	A1S_0026	30.992	242	135	8	6	241	22	237	6.55e-26	100
MPN_RS01080	A1S_1613	29.630	243	157	6	16	248	315	553	2.03e-25	102
MPN_RS01080	A1S_1613	29.572	257	158	7	6	248	5	252	2.30e-22	94.0
MPN_RS01080	A1S_1285	31.674	221	133	7	16	233	21	226	1.64e-23	94.7
MPN_RS01080	A1S_2611	30.332	211	137	6	33	239	21	225	4.96e-22	89.0
MPN_RS01080	A1S_0986	30.890	191	123	5	32	218	20	205	6.69e-21	86.3
MPN_RS01080	A1S_1722	30.000	220	134	7	19	234	10	213	1.36e-20	86.3
MPN_RS01080	A1S_1671	27.615	239	149	7	29	255	347	573	5.48e-19	84.0
MPN_RS01080	A1S_1671	24.481	241	167	6	29	267	22	249	2.24e-15	73.2
MPN_RS01080	A1S_1555	29.224	219	141	6	35	248	349	558	1.54e-18	82.4
MPN_RS01080	A1S_2311	26.027	219	149	5	35	251	19	226	1.72e-18	80.9
MPN_RS01080	A1S_2445	29.524	210	138	6	46	248	77	283	3.37e-18	79.7
MPN_RS01080	A1S_1240	23.695	249	172	7	7	251	1	235	4.81e-18	78.6
MPN_RS01080	A1S_1443	28.436	211	132	8	36	241	20	216	5.31e-18	79.0
MPN_RS01080	A1S_2387	27.442	215	136	7	36	242	16	218	6.89e-18	78.2
MPN_RS01080	A1S_1785	27.572	243	153	7	35	262	15	249	2.11e-16	73.9
MPN_RS01080	A1S_1535	28.968	252	147	11	13	247	350	586	5.54e-16	74.7
MPN_RS01080	A1S_0144	24.138	232	128	7	36	255	25	220	3.64e-15	70.9
MPN_RS01080	A1S_1061	33.962	106	68	2	146	250	3	107	5.95e-15	67.0
MPN_RS01080	A1S_1242	29.064	203	129	8	51	248	504	696	5.03e-14	68.9
MPN_RS01080	A1S_2561	29.717	212	134	7	33	240	501	701	6.24e-14	68.9
MPN_RS01080	A1S_2375	31.217	189	114	6	36	219	336	513	8.43e-13	65.1
MPN_RS01080	A1S_0433	25.000	228	155	5	36	250	18	242	4.75e-12	63.2
MPN_RS01080	A1S_0433	24.719	178	108	6	16	192	318	470	1.12e-05	43.1
MPN_RS01080	A1S_3221	27.273	231	140	8	35	246	20	241	1.76e-11	61.2
MPN_RS01080	A1S_3221	25.322	233	138	6	10	237	317	518	1.76e-11	61.2
MPN_RS01080	A1S_0007	22.917	240	154	8	16	252	311	522	1.41e-08	52.4
MPN_RS01080	A1S_0007	27.434	113	79	1	136	248	124	233	1.20e-04	40.0
MPN_RS01080	A1S_2376	36.486	74	45	2	161	233	7	79	8.92e-08	46.2
MPN_RS01080	A1S_1749	25.362	138	94	3	113	242	594	730	2.51e-07	48.5
MPN_RS01080	A1S_1749	30.000	90	60	2	144	231	320	408	8.26e-07	47.0
MPN_RS01080	A1S_3295	28.030	132	83	4	144	266	815	943	5.87e-07	47.4
MPN_RS01080	A1S_3295	26.415	106	69	3	142	242	469	570	7.80e-07	47.0
MPN_RS01080	A1S_2377	37.500	64	40	0	35	98	60	123	6.62e-06	42.4
MPN_RS01080	A1S_2073	27.174	92	63	2	160	251	144	231	7.00e-04	37.7
MPN_RS01090	A1S_0423	28.049	246	172	4	1	242	1	245	1.07e-27	103
MPN_RS01175	A1S_2323	40.000	85	51	0	156	240	1	85	2.35e-17	73.2
MPN_RS01180	A1S_2070	28.000	725	440	21	83	760	128	817	1.89e-64	230
MPN_RS01180	A1S_2939	26.252	579	337	20	82	651	239	736	9.31e-36	142
MPN_RS01180	A1S_1217	26.957	575	326	19	93	655	283	775	2.83e-35	140
MPN_RS01180	A1S_2140	22.655	565	363	13	83	641	70	566	2.56e-22	99.4
MPN_RS01185	A1S_2862	40.052	769	407	8	67	781	67	835	0.0	545
MPN_RS01190	A1S_2504	45.277	667	337	6	11	651	7	671	0.0	579
MPN_RS01190	A1S_1623	27.586	87	62	1	166	252	132	217	9.38e-07	48.9
MPN_RS01190	A1S_3095	26.364	110	73	3	458	563	487	592	1.99e-04	41.2
MPN_RS01210	A1S_1611	23.684	304	217	6	1	297	16	311	2.17e-21	90.5
MPN_RS01210	A1S_1057	23.448	290	206	7	24	302	65	349	5.86e-14	68.9
MPN_RS01210	A1S_1612	26.761	142	74	5	81	218	179	294	6.25e-04	38.1
MPN_RS01215	A1S_1612	27.907	258	167	9	127	373	130	379	4.00e-19	84.7
MPN_RS01215	A1S_1058	27.876	226	148	7	152	372	120	335	6.85e-12	62.8
MPN_RS01220	A1S_1613	31.310	313	165	7	21	324	10	281	1.79e-45	162
MPN_RS01220	A1S_1613	33.333	303	154	7	18	315	312	571	5.12e-40	147
MPN_RS01220	A1S_2192	26.027	292	168	7	21	312	1	244	4.81e-27	107
MPN_RS01220	A1S_1483	25.347	288	167	6	22	309	15	254	1.37e-23	97.8
MPN_RS01220	A1S_1061	36.134	119	76	0	193	311	2	120	9.58e-21	84.3
MPN_RS01220	A1S_2445	26.174	298	153	12	25	311	56	297	4.80e-19	84.0
MPN_RS01220	A1S_2611	23.792	269	158	6	20	288	4	225	8.49e-19	81.6
MPN_RS01220	A1S_2536	21.799	289	168	6	29	310	1	238	1.74e-18	82.8
MPN_RS01220	A1S_3103	25.692	253	141	6	44	296	35	240	1.76e-18	81.6
MPN_RS01220	A1S_0536	25.984	254	140	8	21	274	6	211	1.51e-14	72.4
MPN_RS01220	A1S_2299	32.292	96	64	1	205	300	150	244	1.30e-13	67.4
MPN_RS01220	A1S_1285	30.968	155	96	5	161	314	110	254	1.73e-13	67.4
MPN_RS01220	A1S_1493	24.723	271	141	8	36	299	12	226	2.80e-12	63.2
MPN_RS01220	A1S_0986	26.210	248	134	9	41	287	25	224	3.12e-12	62.8
MPN_RS01220	A1S_1671	22.449	294	171	10	21	311	7	246	3.18e-12	64.7
MPN_RS01220	A1S_1671	21.898	274	154	11	18	291	336	549	8.88e-09	53.9
MPN_RS01220	A1S_2387	26.087	138	99	1	161	298	91	225	4.17e-12	62.8
MPN_RS01220	A1S_1722	30.769	104	67	2	189	290	122	222	7.34e-12	62.4
MPN_RS01220	A1S_1240	21.622	259	153	8	41	299	26	234	1.01e-11	61.6
MPN_RS01220	A1S_0026	21.260	254	141	4	36	289	42	236	1.38e-11	61.2
MPN_RS01220	A1S_1398	30.088	113	75	3	188	300	121	229	1.61e-11	60.8
MPN_RS01220	A1S_1398	40.000	55	29	2	21	75	3	53	8.41e-04	37.4
MPN_RS01220	A1S_0007	22.400	250	118	9	44	289	330	507	2.20e-11	62.4
MPN_RS01220	A1S_0007	32.584	89	50	2	194	279	134	215	2.82e-06	46.2
MPN_RS01220	A1S_1535	27.407	270	136	14	45	306	380	597	2.45e-11	62.0
MPN_RS01220	A1S_1555	26.259	278	147	10	24	297	335	558	3.06e-11	61.6
MPN_RS01220	A1S_0433	26.087	253	140	9	24	272	6	215	6.19e-10	57.8
MPN_RS01220	A1S_0144	21.154	260	136	7	41	300	26	216	7.50e-10	55.8
MPN_RS01220	A1S_1785	25.670	261	130	11	36	289	12	215	1.24e-09	55.5
MPN_RS01220	A1S_3221	21.875	256	151	8	39	285	20	235	2.99e-08	52.4
MPN_RS01220	A1S_1443	30.973	113	73	2	179	289	106	215	1.23e-07	49.3
MPN_RS01220	A1S_2376	38.372	86	39	3	209	291	7	81	1.54e-07	45.8
MPN_RS01220	A1S_1059	27.679	112	75	4	21	131	1	107	2.04e-07	46.6
MPN_RS01220	A1S_2311	26.437	87	57	2	209	295	137	216	5.74e-07	47.8
MPN_RS01220	A1S_1060	34.000	50	33	0	260	309	1	50	7.53e-07	45.8
MPN_RS01220	A1S_1060	28.571	84	49	3	21	97	66	145	1.57e-05	42.0
MPN_RS01220	A1S_3295	37.363	91	51	3	185	272	810	897	1.24e-06	47.4
MPN_RS01220	A1S_2375	24.464	233	125	9	40	272	336	517	1.56e-06	46.6
MPN_RS01220	A1S_1749	27.778	126	82	4	148	273	591	707	1.02e-05	44.3
MPN_RS01220	A1S_2561	35.000	80	47	2	209	288	626	700	1.35e-05	43.9
MPN_RS01225	A1S_1613	52.846	123	58	0	671	793	448	570	5.67e-39	150
MPN_RS01225	A1S_1613	32.258	186	118	2	654	831	128	313	1.06e-29	121
MPN_RS01225	A1S_1613	38.384	99	53	2	28	123	337	430	5.27e-14	72.4
MPN_RS01225	A1S_1613	30.769	156	95	6	3	146	2	156	1.83e-08	54.3
MPN_RS01225	A1S_1061	45.455	110	60	0	682	791	12	121	5.91e-30	111
MPN_RS01225	A1S_2192	41.509	106	62	0	684	789	137	242	3.22e-27	110
MPN_RS01225	A1S_2192	33.333	114	66	3	11	121	1	107	3.18e-10	59.3
MPN_RS01225	A1S_1483	35.772	123	78	1	666	788	133	254	1.09e-22	97.4
MPN_RS01225	A1S_1483	26.957	115	80	2	10	124	13	123	8.35e-07	48.5
MPN_RS01225	A1S_1398	41.441	111	63	2	669	779	121	229	2.39e-22	94.0
MPN_RS01225	A1S_1398	31.395	86	54	2	31	114	19	101	1.87e-06	46.6
MPN_RS01225	A1S_2536	31.073	177	118	3	608	784	61	233	1.35e-19	88.2
MPN_RS01225	A1S_2299	35.772	123	78	1	671	793	137	258	3.14e-19	85.1
MPN_RS01225	A1S_0026	33.121	157	91	4	622	768	84	236	1.68e-18	83.2
MPN_RS01225	A1S_0026	29.054	148	85	8	2	146	18	148	8.55e-08	51.2
MPN_RS01225	A1S_1493	38.938	113	67	2	664	776	114	224	1.94e-17	79.7
MPN_RS01225	A1S_2611	42.683	82	46	1	671	752	131	211	5.85e-15	72.0
MPN_RS01225	A1S_1285	34.409	93	60	1	669	761	135	226	8.78e-15	72.8
MPN_RS01225	A1S_1285	31.579	76	52	0	11	86	21	96	3.23e-05	43.1
MPN_RS01225	A1S_1722	39.604	101	56	4	671	768	123	221	2.09e-14	71.2
MPN_RS01225	A1S_1722	30.909	110	58	4	12	118	8	102	1.63e-04	41.2
MPN_RS01225	A1S_2445	33.010	103	67	1	688	790	197	297	4.28e-14	70.5
MPN_RS01225	A1S_0986	35.644	101	63	2	666	766	126	224	2.55e-13	67.0
MPN_RS01225	A1S_0986	29.915	117	77	3	10	125	4	116	2.53e-06	46.2
MPN_RS01225	A1S_1535	43.956	91	48	2	687	777	501	588	3.35e-13	69.7
MPN_RS01225	A1S_2376	41.096	73	43	0	688	760	7	79	1.05e-12	61.6
MPN_RS01225	A1S_0144	30.851	94	64	1	686	779	124	216	2.31e-12	64.7
MPN_RS01225	A1S_0144	40.741	54	26	1	31	84	26	73	0.001	38.5
MPN_RS01225	A1S_3103	28.926	121	84	2	671	791	137	255	2.64e-12	65.1
MPN_RS01225	A1S_1555	43.333	90	48	3	688	777	473	559	1.73e-11	64.3
MPN_RS01225	A1S_0536	27.184	206	121	7	588	768	24	225	3.59e-11	63.2
MPN_RS01225	A1S_0536	35.938	64	41	0	11	74	6	69	4.14e-04	40.4
MPN_RS01225	A1S_1443	39.286	84	49	1	687	768	132	215	3.86e-11	61.2
MPN_RS01225	A1S_1443	33.735	83	43	2	31	113	21	91	3.76e-06	46.2
MPN_RS01225	A1S_1785	35.714	98	61	2	679	775	126	222	1.14e-10	59.7
MPN_RS01225	A1S_0433	40.506	79	42	2	687	764	154	228	3.83e-10	60.1
MPN_RS01225	A1S_0007	29.592	98	65	1	671	768	414	507	1.55e-09	58.2
MPN_RS01225	A1S_0007	30.556	72	46	1	688	759	149	216	5.75e-05	43.1
MPN_RS01225	A1S_2561	40.741	81	43	2	688	768	626	701	1.91e-09	57.8
MPN_RS01225	A1S_1240	28.571	119	74	2	658	776	125	232	2.86e-09	55.5
MPN_RS01225	A1S_2311	25.503	149	92	5	688	824	137	278	4.86e-09	55.5
MPN_RS01225	A1S_2311	44.000	50	28	0	28	77	18	67	3.08e-06	46.6
MPN_RS01225	A1S_1060	36.000	50	32	0	739	788	1	50	6.23e-08	50.1
MPN_RS01225	A1S_1060	33.333	69	38	2	11	72	66	133	1.19e-06	46.2
MPN_RS01225	A1S_1671	26.087	115	84	1	663	777	121	234	2.36e-07	50.8
MPN_RS01225	A1S_1671	40.816	49	29	0	28	76	352	400	4.57e-05	43.5
MPN_RS01225	A1S_1671	25.843	89	64	2	687	775	468	554	1.62e-04	41.6
MPN_RS01225	A1S_2387	25.806	93	69	0	684	776	132	224	2.59e-07	49.7
MPN_RS01225	A1S_2375	40.678	59	31	1	688	746	458	512	5.44e-07	49.7
MPN_RS01225	A1S_3221	31.169	77	49	1	688	764	163	235	1.47e-06	48.1
MPN_RS01225	A1S_1059	26.667	105	69	3	31	130	17	118	1.55e-05	42.4
MPN_RS01225	A1S_1749	29.762	84	58	1	668	751	624	706	5.12e-05	43.5
MPN_RS01225	A1S_3295	33.708	89	55	2	669	754	813	900	2.12e-04	41.6
MPN_RS01225	A1S_1242	34.831	89	55	1	688	776	611	696	2.82e-04	40.8
MPN_RS01230	A1S_0283	47.518	141	67	4	1	135	1	140	5.07e-32	107
MPN_RS01235	A1S_0284	44.643	224	122	1	1	222	1	224	9.77e-59	182
MPN_RS01240	A1S_0827	46.875	32	17	0	10	41	1	32	1.23e-05	38.1
MPN_RS01245	A1S_0609	26.437	174	111	6	15	180	2	166	4.54e-07	47.4
MPN_RS01255	A1S_0460	27.429	175	93	6	12	183	9	152	1.05e-05	43.1
MPN_RS01260	A1S_0866	63.971	136	36	1	1	136	1	123	1.51e-54	164
MPN_RS01265	A1S_0867	46.259	147	79	0	9	155	10	156	4.50e-50	154
MPN_RS01270	A1S_0868	55.429	700	297	5	1	685	1	700	0.0	782
MPN_RS01270	A1S_0554	28.846	468	306	9	11	471	15	462	4.77e-54	191
MPN_RS01270	A1S_2522	41.667	144	70	3	3	138	6	143	3.60e-24	103
MPN_RS01270	A1S_2522	22.269	238	153	7	260	486	171	387	1.78e-07	50.8
MPN_RS01270	A1S_2835	39.583	144	77	3	6	142	3	143	1.97e-23	101
MPN_RS01270	A1S_2835	24.775	222	142	5	304	501	210	430	8.23e-11	61.6
MPN_RS01270	A1S_0279	34.127	126	80	3	12	136	14	137	8.71e-11	60.8
MPN_RS01270	A1S_1001	31.210	157	89	4	6	146	23	176	2.06e-10	60.1
MPN_RS01270	A1S_0869	33.600	125	80	3	13	136	1	123	4.91e-10	58.5
MPN_RS01285	A1S_2172	42.254	71	40	1	34	104	4	73	8.78e-15	60.8
MPN_RS01290	A1S_2173	32.174	115	69	4	1	110	1	111	4.17e-08	46.2
MPN_RS01295	A1S_2175	35.931	231	129	7	249	473	11	228	3.98e-34	125
MPN_RS01295	A1S_1585	32.258	279	159	9	195	464	180	437	3.32e-27	110
MPN_RS01310	A1S_1567	30.732	205	133	5	29	231	36	233	3.63e-27	101
MPN_RS01320	A1S_2783	34.383	413	254	7	58	464	69	470	2.92e-61	204
MPN_RS01320	A1S_1774	27.840	449	238	16	60	472	83	481	2.02e-33	129
MPN_RS01320	A1S_1283	29.176	425	255	11	53	475	58	438	1.35e-31	124
MPN_RS01320	A1S_1865	44.828	145	79	1	66	209	18	162	2.95e-23	97.8
MPN_RS01325	A1S_2784	31.250	480	314	10	3	469	12	488	3.83e-72	233
MPN_RS01335	A1S_0875	35.644	303	176	8	20	309	10	306	6.38e-51	167
MPN_RS01335	A1S_1200	30.651	261	175	3	59	313	6	266	1.36e-38	134
MPN_RS01335	A1S_1459	36.486	74	46	1	97	169	16	89	7.64e-12	57.8
MPN_RS01335	A1S_1460	29.524	105	73	1	210	313	1	105	1.34e-08	48.9
MPN_RS01335	A1S_1905	28.302	159	96	7	17	174	377	518	3.04e-05	42.0
MPN_RS01350	A1S_3045	30.057	529	355	6	200	726	199	714	1.18e-74	254
MPN_RS01360	A1S_0168	34.783	115	70	4	82	196	43	152	2.39e-16	70.9
MPN_RS01360	A1S_0961	29.915	117	72	4	83	193	48	160	4.40e-10	53.5
MPN_RS01365	A1S_3170	38.251	183	111	2	4	186	2	182	1.03e-39	131
MPN_RS01365	A1S_1398	58.333	24	10	0	2	25	26	49	2.11e-04	37.4
MPN_RS01375	A1S_2240	31.522	92	40	5	161	251	136	205	0.001	37.4
MPN_RS01380	A1S_0531	29.375	320	166	16	7	278	36	343	5.10e-24	96.3
MPN_RS01385	A1S_0064	23.117	385	248	12	76	422	147	521	2.06e-10	59.3
MPN_RS01390	A1S_0705	32.796	186	104	7	26	197	23	201	7.19e-21	84.0
MPN_RS01395	A1S_2894	25.191	262	151	9	18	253	16	258	6.05e-15	73.6
MPN_RS01400	A1S_0312	32.026	153	92	6	12	160	8	152	4.21e-15	67.8
MPN_RS01405	A1S_1187	27.632	152	99	6	3	149	6	151	4.47e-09	49.3
MPN_RS01420	A1S_0065	34.639	332	198	10	6	326	2	325	5.23e-45	154
MPN_RS01420	A1S_1987	27.557	352	212	11	8	336	2	333	4.59e-23	94.7
MPN_RS01420	A1S_1792	27.315	216	136	10	8	213	3	207	1.49e-07	48.9
MPN_RS01425	A1S_1483	28.378	222	143	3	19	237	30	238	6.06e-22	94.4
MPN_RS01425	A1S_1483	24.215	223	138	8	346	557	35	237	2.11e-07	49.7
MPN_RS01425	A1S_2192	27.801	241	150	6	6	235	2	229	1.46e-20	90.1
MPN_RS01425	A1S_2611	25.410	244	145	5	1	229	1	222	1.97e-19	84.3
MPN_RS01425	A1S_2611	23.762	202	140	4	346	544	26	216	6.94e-08	50.4
MPN_RS01425	A1S_1398	26.906	223	148	3	8	229	6	214	2.55e-19	84.3
MPN_RS01425	A1S_1398	22.273	220	139	6	346	554	20	218	1.23e-08	52.8
MPN_RS01425	A1S_0986	28.643	199	116	4	25	214	27	208	9.84e-19	82.4
MPN_RS01425	A1S_0536	26.496	234	141	7	1	224	1	213	2.84e-18	85.1
MPN_RS01425	A1S_0536	22.613	199	125	6	346	534	27	206	1.13e-05	44.7
MPN_RS01425	A1S_1493	26.267	217	139	4	18	229	12	212	5.04e-18	80.5
MPN_RS01425	A1S_1493	19.913	231	146	7	338	554	11	216	1.92e-04	40.0
MPN_RS01425	A1S_1671	27.885	208	131	5	8	215	342	530	8.85e-17	80.1
MPN_RS01425	A1S_1671	23.013	239	158	5	2	229	4	227	6.70e-11	61.6
MPN_RS01425	A1S_1671	30.357	168	85	6	348	506	33	177	2.78e-08	53.1
MPN_RS01425	A1S_1671	23.188	207	142	5	349	555	359	548	5.68e-07	48.9
MPN_RS01425	A1S_2536	26.923	234	142	6	4	229	1	213	9.88e-17	78.6
MPN_RS01425	A1S_2536	25.000	220	152	6	346	563	19	227	5.56e-10	57.8
MPN_RS01425	A1S_2311	25.778	225	151	4	5	229	4	212	1.42e-16	77.4
MPN_RS01425	A1S_2311	21.635	208	143	4	346	550	22	212	9.46e-08	50.4
MPN_RS01425	A1S_2299	27.861	201	112	4	46	229	45	229	2.79e-15	72.8
MPN_RS01425	A1S_0144	29.630	189	101	5	26	213	29	186	1.64e-14	70.5
MPN_RS01425	A1S_0144	21.698	212	121	7	346	549	27	201	3.77e-07	48.5
MPN_RS01425	A1S_1443	26.250	240	154	7	25	263	23	240	7.05e-14	68.6
MPN_RS01425	A1S_1443	20.866	254	151	8	335	570	10	231	3.85e-04	39.3
MPN_RS01425	A1S_1722	27.751	209	131	4	19	226	23	212	7.26e-14	68.9
MPN_RS01425	A1S_0026	25.991	227	133	6	18	237	42	240	1.20e-13	68.2
MPN_RS01425	A1S_1535	27.717	184	123	5	38	219	391	566	1.21e-13	70.1
MPN_RS01425	A1S_1240	23.721	215	148	5	25	236	28	229	3.08e-12	63.5
MPN_RS01425	A1S_1240	19.383	227	171	4	346	571	27	242	1.78e-08	52.4
MPN_RS01425	A1S_2387	25.991	227	145	8	8	229	4	212	3.63e-12	63.5
MPN_RS01425	A1S_3103	23.214	224	147	8	14	229	23	229	5.33e-12	63.2
MPN_RS01425	A1S_3103	25.103	243	149	10	324	552	8	231	1.76e-08	52.8
MPN_RS01425	A1S_2375	28.108	185	116	7	40	222	354	523	8.55e-12	64.3
MPN_RS01425	A1S_1555	26.230	244	146	9	5	236	334	555	3.11e-11	62.4
MPN_RS01425	A1S_3221	26.699	206	117	7	8	211	326	499	5.46e-11	61.6
MPN_RS01425	A1S_3221	21.374	524	323	18	25	518	24	488	7.21e-11	61.2
MPN_RS01425	A1S_1285	21.930	228	156	5	3	227	19	227	1.85e-09	55.8
MPN_RS01425	A1S_1785	22.363	237	166	6	335	568	8	229	7.73e-09	53.5
MPN_RS01425	A1S_1785	25.472	212	138	7	25	232	19	214	4.05e-08	51.2
MPN_RS01425	A1S_1613	25.243	206	127	8	38	232	355	544	7.46e-08	51.6
MPN_RS01425	A1S_1613	22.222	225	149	7	346	559	341	550	4.28e-07	49.3
MPN_RS01425	A1S_1613	21.577	241	161	8	6	229	11	240	5.17e-07	48.9
MPN_RS01425	A1S_1613	23.695	249	140	9	346	563	32	261	9.65e-06	45.1
MPN_RS01425	A1S_0433	26.108	203	133	5	37	229	33	228	1.14e-07	51.2
MPN_RS01425	A1S_0433	23.504	234	144	9	336	550	11	228	2.40e-06	47.0
MPN_RS01425	A1S_1061	28.916	83	58	1	148	229	12	94	1.67e-07	47.0
MPN_RS01425	A1S_1242	26.531	196	132	7	37	232	504	687	4.54e-07	49.3
MPN_RS01425	A1S_3295	31.313	99	60	3	122	217	805	898	5.14e-07	49.3
MPN_RS01425	A1S_2561	25.758	198	126	5	26	219	508	688	5.28e-07	48.9
MPN_RS01425	A1S_2445	20.705	227	152	6	346	559	69	280	7.32e-07	47.8
MPN_RS01425	A1S_2445	21.586	227	145	6	18	229	63	271	6.04e-06	45.1
MPN_RS01425	A1S_0007	27.128	188	107	8	38	211	32	203	6.76e-06	45.4
MPN_RS01425	A1S_1749	22.368	76	59	0	144	219	634	709	2.44e-05	43.9
MPN_RS01425	A1S_1749	28.947	76	52	2	144	217	327	402	4.07e-04	39.7
MPN_RS01425	A1S_2073	22.072	222	145	7	25	236	23	226	5.65e-05	42.4
MPN_RS01425	A1S_2376	33.871	62	38	2	154	213	7	67	1.72e-04	37.7
MPN_RS01425	A1S_1360	37.705	61	37	1	348	408	59	118	7.81e-04	36.6
MPN_RS01440	A1S_0439	31.874	731	420	18	3	702	22	705	1.30e-103	333
MPN_RS01440	A1S_0651	27.435	729	413	28	4	699	3	648	7.04e-59	209
MPN_RS01450	A1S_0606	31.522	92	62	1	12	102	15	106	2.30e-16	65.5
MPN_RS01450	A1S_2949	48.718	39	20	0	17	55	52	90	1.06e-10	50.8
MPN_RS01460	A1S_2720	26.979	341	226	11	6	340	11	334	1.52e-25	102
MPN_RS01465	A1S_3342	23.333	90	65	2	20	107	9	96	2.78e-04	35.4
MPN_RS01470	A1S_2283	28.155	206	129	8	35	230	68	264	2.86e-16	73.6
MPN_RS01510	A1S_1678	33.333	111	74	0	9	119	4	114	6.47e-17	69.3
MPN_RS01510	A1S_3431	27.523	109	75	1	7	115	1	105	6.92e-13	58.2
MPN_RS01520	A1S_1684	28.846	104	63	4	6	99	3	105	6.47e-04	33.1
MPN_RS01530	A1S_0998	42.685	499	258	8	6	486	17	505	4.84e-132	389
MPN_RS01530	A1S_2636	29.254	335	214	10	157	483	1	320	3.16e-31	119
MPN_RS01530	A1S_2894	25.316	316	193	12	35	320	4	306	1.65e-13	69.3
MPN_RS01530	A1S_2894	29.630	162	104	4	328	486	405	559	4.08e-11	61.6
MPN_RS01535	A1S_2328	46.512	43	23	0	11	53	11	53	5.61e-06	44.7
MPN_RS01535	A1S_0772	57.143	35	15	0	16	50	7	41	1.13e-05	43.9
MPN_RS01540	A1S_2522	46.221	569	304	2	4	571	11	578	0.0	556
MPN_RS01540	A1S_2835	28.046	517	288	20	4	477	5	480	3.98e-36	140
MPN_RS01540	A1S_0868	32.961	179	110	5	5	174	9	186	9.00e-19	87.0
MPN_RS01540	A1S_0868	25.316	237	139	9	163	374	268	491	1.46e-12	67.0
MPN_RS01540	A1S_0868	19.890	181	127	5	308	477	514	687	2.89e-05	43.5
MPN_RS01540	A1S_0554	30.435	138	85	2	7	137	15	148	2.72e-16	78.6
MPN_RS01540	A1S_1001	28.402	169	94	4	2	151	20	180	3.30e-10	59.3
MPN_RS01540	A1S_0279	30.000	130	81	5	8	133	14	137	1.19e-08	53.9
MPN_RS01540	A1S_0869	29.457	129	81	5	9	133	1	123	6.25e-08	51.6
MPN_RS01545	A1S_0383	45.652	46	24	1	73	118	49	93	9.28e-05	40.8
MPN_RS01615	A1S_0841	33.754	317	174	11	10	305	49	350	1.06e-40	142
MPN_RS01615	A1S_2463	31.068	206	132	5	82	283	9	208	2.41e-26	100
MPN_RS01615	A1S_0089	31.944	216	142	4	71	285	8	219	7.28e-25	96.7
MPN_RS01615	A1S_2117	29.831	295	174	9	8	288	26	301	3.12e-24	96.7
MPN_RS01620	A1S_0019	27.273	176	111	7	18	184	6	173	2.14e-04	37.0
MPN_RS01655	A1S_0457	27.132	129	78	3	7	125	13	135	1.00e-10	57.4
MPN_RS01655	A1S_0812	24.436	266	168	9	151	411	13	250	6.02e-08	50.4
MPN_RS01660	A1S_0811	35.043	117	74	2	73	188	68	183	1.67e-19	79.3
MPN_RS01725	A1S_1980	32.000	300	160	6	6	303	38	295	3.91e-48	160
MPN_RS01725	A1S_1190	31.847	157	99	5	5	153	53	209	2.63e-10	57.0
MPN_RS01735	A1S_1333	24.068	295	171	11	2	287	3	253	1.52e-05	44.3
MPN_RS01775	A1S_3206	36.721	305	183	6	7	307	3	301	3.28e-57	183
MPN_RS01785	A1S_3331	29.282	181	115	3	48	218	44	221	1.48e-10	58.9
MPN_RS01790	A1S_2633	21.374	262	187	7	218	477	248	492	7.22e-06	45.1
MPN_RS01800	A1S_0458	54.333	300	104	3	1	287	1	280	4.11e-113	324
MPN_RS01805	A1S_0457	29.193	161	100	3	7	157	13	169	2.82e-17	71.6
MPN_RS01810	A1S_0746	22.426	272	174	12	49	292	128	390	2.29e-04	39.3
MPN_RS01820	A1S_0747	26.307	612	381	12	127	697	292	874	3.00e-61	218
MPN_RS01825	A1S_2731	40.404	99	55	1	1	95	1	99	2.29e-18	70.5
MPN_RS01835	A1S_2730	57.143	70	30	0	15	84	1	70	1.51e-22	80.9
MPN_RS01855	A1S_0475	27.863	262	178	6	18	277	15	267	2.72e-27	110
MPN_RS01855	A1S_0937	33.766	77	42	3	182	250	34	109	5.63e-04	36.2
MPN_RS01860	A1S_1030	48.041	485	249	2	307	789	4	487	9.34e-158	466
MPN_RS01860	A1S_1910	26.115	314	165	18	306	596	412	681	5.09e-05	43.5
MPN_RS01860	A1S_2681	28.502	207	118	11	340	532	152	342	6.45e-05	42.7
MPN_RS01860	A1S_2430	25.301	166	91	4	614	767	58	202	2.31e-04	40.4
MPN_RS01870	A1S_1240	26.009	223	156	4	9	226	13	231	3.27e-25	98.6
MPN_RS01870	A1S_2311	28.205	195	137	2	25	217	21	214	3.74e-25	99.8
MPN_RS01870	A1S_1671	25.112	223	158	5	6	226	339	554	1.04e-21	92.4
MPN_RS01870	A1S_1671	26.238	202	146	2	27	226	32	232	6.02e-19	84.3
MPN_RS01870	A1S_2192	25.764	229	161	4	6	226	1	228	2.87e-19	84.0
MPN_RS01870	A1S_2611	23.744	219	157	5	6	215	5	222	6.65e-18	78.2
MPN_RS01870	A1S_0026	24.681	235	135	7	2	217	23	234	7.96e-18	78.6
MPN_RS01870	A1S_1493	24.779	226	156	6	6	223	1	220	1.24e-17	77.8
MPN_RS01870	A1S_1398	24.215	223	153	8	5	218	2	217	2.59e-17	76.6
MPN_RS01870	A1S_2536	24.779	226	160	4	7	226	3	224	5.16e-17	77.4
MPN_RS01870	A1S_0144	31.383	188	112	7	14	199	14	186	3.25e-16	73.9
MPN_RS01870	A1S_1285	25.463	216	154	5	6	217	21	233	8.32e-16	73.2
MPN_RS01870	A1S_1483	24.762	210	152	1	20	223	29	238	1.04e-15	73.6
MPN_RS01870	A1S_1613	25.333	300	185	9	4	278	8	293	3.34e-15	72.8
MPN_RS01870	A1S_1613	24.783	230	156	7	6	218	315	544	1.31e-11	62.0
MPN_RS01870	A1S_2387	25.862	232	152	5	6	226	1	223	8.53e-15	69.7
MPN_RS01870	A1S_1722	25.926	216	152	6	1	212	1	212	3.78e-14	68.2
MPN_RS01870	A1S_0536	23.810	231	156	4	1	218	1	224	9.68e-14	68.6
MPN_RS01870	A1S_1785	25.000	192	128	7	6	188	1	185	2.14e-13	65.9
MPN_RS01870	A1S_1443	23.853	218	155	6	6	218	3	214	5.39e-13	64.7
MPN_RS01870	A1S_3103	22.650	234	169	5	1	226	11	240	7.59e-13	64.3
MPN_RS01870	A1S_0986	23.077	182	132	2	24	197	24	205	8.03e-13	63.9
MPN_RS01870	A1S_0007	23.684	228	152	8	4	228	309	517	9.92e-12	62.4
MPN_RS01870	A1S_0433	27.326	172	103	5	24	173	18	189	2.26e-11	61.2
MPN_RS01870	A1S_0433	23.164	177	106	5	6	173	318	473	1.28e-07	49.7
MPN_RS01870	A1S_2561	27.119	177	108	3	24	186	504	673	2.51e-11	61.2
MPN_RS01870	A1S_1555	24.138	232	148	9	25	239	351	571	2.58e-11	60.8
MPN_RS01870	A1S_1061	30.693	101	62	1	129	221	8	108	6.27e-11	55.8
MPN_RS01870	A1S_1242	27.570	214	117	8	29	221	494	690	7.61e-10	56.6
MPN_RS01870	A1S_2299	24.818	137	101	2	109	244	123	258	8.30e-09	52.4
MPN_RS01870	A1S_2445	21.973	223	145	8	25	226	68	282	1.49e-06	45.8
MPN_RS01870	A1S_1535	22.414	232	160	6	16	233	368	593	3.38e-06	45.1
MPN_RS01870	A1S_3221	24.457	184	112	10	6	181	323	487	6.60e-06	44.3
MPN_RS01870	A1S_2375	24.022	179	107	5	25	185	337	504	1.96e-05	42.7
MPN_RS01900	A1S_0885	36.275	306	170	7	3	296	6	298	1.73e-43	160
MPN_RS01900	A1S_0885	40.404	99	50	3	372	467	556	648	1.84e-11	63.2
MPN_RS01900	A1S_0442	27.394	376	232	11	1	360	7	357	8.27e-24	102
MPN_RS01900	A1S_0442	30.579	121	65	5	350	456	497	612	2.81e-04	40.0
MPN_RS01900	A1S_0357	32.759	116	67	5	188	293	147	261	1.42e-06	47.8
MPN_RS01900	A1S_0345	34.118	85	48	2	215	299	215	291	3.36e-05	43.1
MPN_RS01905	A1S_0885	30.000	410	250	11	6	402	4	389	1.35e-42	161
MPN_RS01905	A1S_0885	37.624	101	53	5	525	621	545	639	1.77e-08	54.3
MPN_RS01905	A1S_0442	27.911	627	381	28	8	604	9	594	7.27e-36	140
MPN_RS01905	A1S_0345	32.184	87	49	2	223	309	215	291	4.69e-06	46.2
MPN_RS01905	A1S_0357	29.032	93	57	3	220	305	173	263	1.11e-05	45.4
MPN_RS01950	A1S_1034	33.333	57	34	2	112	164	131	187	3.31e-04	36.2
MPN_RS01970	A1S_2706	43.506	308	158	8	190	492	329	625	1.46e-71	236
MPN_RS01970	A1S_2262	34.483	116	71	2	211	325	19	130	6.45e-14	68.9
MPN_RS01975	A1S_0838	37.795	127	73	3	209	333	73	195	2.26e-16	78.6
MPN_RS01975	A1S_0839	39.286	56	34	0	25	80	1	56	1.07e-10	57.4
MPN_RS01985	A1S_0324	31.401	207	133	5	36	238	39	240	1.91e-24	94.7
MPN_RS01985	A1S_2597	28.767	146	97	4	93	238	113	251	3.19e-08	49.7
MPN_RS01990	A1S_1235	33.850	387	244	5	19	395	18	402	1.62e-73	235
MPN_RS01995	A1S_0799	37.331	667	392	11	4	654	7	663	1.58e-146	438
MPN_RS02025	A1S_2423	33.333	66	43	1	1	66	1	65	2.58e-09	46.6
MPN_RS02025	A1S_0391	31.169	77	42	1	1	66	1	77	7.87e-09	45.4
MPN_RS02030	A1S_2154	47.475	297	150	3	64	354	57	353	2.24e-97	290
MPN_RS02030	A1S_3316	37.329	292	155	9	48	330	18	290	2.16e-50	167
MPN_RS02035	A1S_2153	31.980	197	120	7	69	256	64	255	5.95e-17	77.4
MPN_RS02035	A1S_1693	30.909	110	70	3	113	217	161	269	3.27e-11	60.8
MPN_RS02035	A1S_2184	41.667	48	27	1	110	157	161	207	4.93e-04	38.5
MPN_RS02130	A1S_1465	29.190	901	550	18	2	834	3	883	2.09e-110	363
MPN_RS02135	A1S_0612	34.496	258	160	3	1	258	1	249	1.03e-38	141
MPN_RS02140	A1S_2831	30.108	279	177	8	1	274	1	266	4.69e-35	124
MPN_RS02150	A1S_0326	22.152	158	116	4	2	156	4	157	1.80e-05	40.4
MPN_RS02155	A1S_0706	24.211	285	187	10	5	280	3	267	8.12e-09	52.0
MPN_RS02160	A1S_0542	37.810	484	262	10	37	490	1	475	4.32e-92	294
MPN_RS02160	A1S_0541	29.876	241	146	6	570	790	1	238	4.90e-27	107
MPN_RS02160	A1S_2742	22.256	656	321	29	37	605	1	554	1.98e-14	73.9
MPN_RS02160	A1S_0020	25.854	205	102	9	405	596	474	641	4.22e-10	60.1
MPN_RS02160	A1S_0020	21.526	367	225	8	3	346	29	355	3.55e-07	50.4
MPN_RS02195	A1S_2717	33.790	438	265	12	2	421	4	434	3.10e-65	214
MPN_RS02195	A1S_2328	30.751	426	272	10	1	414	13	427	1.75e-49	172
MPN_RS02195	A1S_2952	26.754	456	322	6	3	451	12	462	7.37e-45	159
MPN_RS02195	A1S_1702	29.225	284	178	7	83	351	1	276	2.46e-29	112
MPN_RS02195	A1S_1200	27.368	190	117	7	125	303	62	241	4.80e-10	57.0
MPN_RS02195	A1S_2005	29.787	235	130	9	121	329	81	306	4.96e-08	52.0
MPN_RS02195	A1S_2480	24.186	215	122	9	132	312	116	323	1.94e-07	49.7
MPN_RS02195	A1S_0994	27.536	138	90	5	172	303	149	282	8.02e-06	44.3
MPN_RS02195	A1S_0875	25.152	330	164	15	5	303	8	285	1.79e-05	43.1
MPN_RS02195	A1S_2004	29.268	123	77	4	125	240	165	284	3.07e-05	42.4
MPN_RS02195	A1S_0520	28.947	76	52	2	4	77	8	83	4.78e-04	38.9
MPN_RS02200	A1S_2716	27.901	405	267	7	1	395	1	390	2.01e-32	123
MPN_RS02200	A1S_3327	28.713	202	143	1	195	396	457	657	9.41e-27	108
MPN_RS02200	A1S_3327	48.276	58	30	0	13	70	9	66	2.89e-09	55.5
MPN_RS02200	A1S_3327	45.902	61	33	0	13	73	125	185	1.54e-08	53.1
MPN_RS02200	A1S_1701	33.047	233	152	2	153	385	252	480	1.10e-26	108
MPN_RS02200	A1S_1701	29.204	113	63	2	14	109	1	113	3.97e-06	45.4
MPN_RS02205	A1S_1700	36.774	310	177	5	12	305	9	315	5.44e-55	179
MPN_RS02210	A1S_1699	29.197	274	178	6	30	290	1	271	5.73e-26	102
MPN_RS02210	A1S_3106	38.710	62	36	1	142	201	133	194	4.58e-06	45.1
MPN_RS02215	A1S_2717	25.292	257	169	9	168	418	181	420	7.37e-11	60.5
MPN_RS02215	A1S_0994	26.250	160	107	6	156	309	132	286	2.47e-08	52.4
MPN_RS02215	A1S_1702	29.221	154	102	5	168	316	91	242	4.26e-08	51.2
MPN_RS02215	A1S_2004	22.747	233	141	7	3	227	73	274	8.51e-06	43.9
MPN_RS02215	A1S_2005	20.745	376	238	14	3	365	2	330	1.34e-04	41.2
MPN_RS02230	A1S_3172	23.473	622	422	16	40	647	29	610	4.31e-36	142
MPN_RS02230	A1S_0579	28.239	301	206	3	73	365	83	381	3.86e-35	139
MPN_RS02230	A1S_3729	34.568	81	53	0	47	127	13	93	1.32e-07	48.1
MPN_RS02275	A1S_2688	39.437	142	83	1	8	149	6	144	7.54e-26	93.6
MPN_RS02275	A1S_2653	33.803	142	91	3	3	143	1	140	2.23e-13	61.2
MPN_RS02280	A1S_2819	29.808	104	65	4	78	179	68	165	1.54e-04	40.8
MPN_RS02310	A1S_0985	29.221	154	83	8	542	679	9	152	1.32e-05	43.5
MPN_RS02365	A1S_0026	31.250	224	128	4	1	219	27	229	5.67e-27	101
MPN_RS02365	A1S_1722	28.431	204	129	2	21	222	27	215	1.25e-26	101
MPN_RS02365	A1S_1398	29.130	230	150	6	4	230	2	221	1.80e-25	97.4
MPN_RS02365	A1S_2387	30.213	235	145	6	15	242	11	233	1.47e-22	89.7
MPN_RS02365	A1S_0986	28.879	232	120	5	1	209	1	210	1.70e-21	86.3
MPN_RS02365	A1S_1443	28.358	201	127	3	19	217	19	204	2.33e-21	86.7
MPN_RS02365	A1S_1785	23.265	245	163	4	9	244	5	233	4.83e-21	85.9
MPN_RS02365	A1S_2536	30.151	199	133	2	21	219	18	210	1.25e-20	85.9
MPN_RS02365	A1S_0536	27.511	229	150	6	20	244	25	241	2.37e-20	86.3
MPN_RS02365	A1S_1555	25.833	240	142	8	8	232	337	555	3.84e-20	85.5
MPN_RS02365	A1S_1285	26.108	203	133	2	20	220	40	227	6.37e-20	83.2
MPN_RS02365	A1S_1493	25.551	227	157	4	10	233	6	223	2.47e-19	80.9
MPN_RS02365	A1S_1483	25.000	208	145	3	21	225	34	233	3.31e-19	82.0
MPN_RS02365	A1S_2611	24.762	210	138	3	20	221	24	221	9.83e-19	79.0
MPN_RS02365	A1S_2192	25.822	213	146	3	21	230	21	224	8.40e-18	78.2
MPN_RS02365	A1S_2375	29.798	198	109	4	18	204	334	512	8.82e-18	78.6
MPN_RS02365	A1S_0144	22.831	219	143	3	2	219	6	199	2.75e-17	75.5
MPN_RS02365	A1S_2561	26.786	224	151	5	9	228	489	703	6.03e-17	76.3
MPN_RS02365	A1S_0433	27.556	225	139	7	11	219	9	225	6.44e-16	73.2
MPN_RS02365	A1S_0433	27.184	206	122	7	6	208	317	497	1.57e-13	66.2
MPN_RS02365	A1S_1535	23.790	248	144	10	6	232	361	584	2.73e-15	71.6
MPN_RS02365	A1S_2376	37.500	72	45	0	146	217	7	78	2.82e-15	66.2
MPN_RS02365	A1S_2445	28.390	236	153	6	15	241	62	290	3.22e-15	70.5
MPN_RS02365	A1S_1240	19.917	241	179	5	6	242	11	241	4.41e-15	69.3
MPN_RS02365	A1S_1613	25.410	244	145	9	3	221	8	239	5.09e-15	70.5
MPN_RS02365	A1S_1613	22.831	219	141	5	21	225	340	544	3.06e-14	68.2
MPN_RS02365	A1S_1671	28.205	195	125	6	23	216	357	537	7.60e-15	70.1
MPN_RS02365	A1S_1671	27.225	191	126	5	23	211	32	211	1.39e-13	66.2
MPN_RS02365	A1S_3103	27.094	203	128	3	22	216	33	223	1.21e-14	68.6
MPN_RS02365	A1S_0007	23.361	244	146	5	5	226	1	225	6.06e-14	67.4
MPN_RS02365	A1S_0007	22.018	218	143	5	1	217	307	498	1.11e-07	48.9
MPN_RS02365	A1S_3221	20.779	231	138	6	3	222	321	517	3.09e-13	65.5
MPN_RS02365	A1S_3221	25.439	228	126	7	20	219	21	232	4.56e-10	55.8
MPN_RS02365	A1S_2311	23.605	233	165	5	1	232	1	221	3.29e-13	64.7
MPN_RS02365	A1S_1242	25.751	233	144	7	19	240	488	702	3.40e-13	65.5
MPN_RS02365	A1S_2299	30.000	190	111	6	44	219	45	226	7.24e-13	63.2
MPN_RS02365	A1S_1061	28.090	89	64	0	145	233	17	105	1.90e-11	56.6
MPN_RS02365	A1S_2073	22.566	226	165	6	1	224	1	218	3.92e-08	50.1
MPN_RS02365	A1S_2073	23.316	193	111	6	24	211	357	517	2.96e-04	38.1
MPN_RS02365	A1S_3295	29.870	77	49	3	146	219	832	906	4.84e-05	40.8
MPN_RS02365	A1S_1749	29.032	62	43	1	146	207	644	704	5.15e-05	40.8
MPN_RS02365	A1S_1749	35.065	77	44	4	146	219	337	410	1.18e-04	39.7
MPN_RS02365	A1S_1060	33.333	81	45	3	21	101	93	164	7.11e-04	35.8
MPN_RS02375	A1S_0319	22.727	132	97	3	4	133	9	137	5.88e-08	45.8
MPN_RS02380	A1S_1176	30.455	857	518	22	4	816	2	824	7.31e-117	374
MPN_RS02385	A1S_2879	30.594	219	131	6	7	216	3	209	5.38e-17	74.3
MPN_RS02385	A1S_2661	36.066	61	39	0	2	62	34	94	1.56e-04	38.9
MPN_RS02395	A1S_2439	37.698	252	137	9	132	365	5	254	7.12e-33	120
MPN_RS02395	A1S_2438	41.667	72	29	2	1	72	1	59	5.30e-10	52.0
MPN_RS02410	A1S_1930	40.865	208	122	1	129	335	156	363	5.01e-52	173
MPN_RS02415	A1S_0797	34.521	365	216	6	4	355	3	357	4.94e-52	195
MPN_RS02415	A1S_0797	27.937	383	246	6	594	975	790	1143	1.24e-40	159
MPN_RS02415	A1S_0321	28.448	116	68	4	16	126	13	118	2.48e-06	47.8
MPN_RS02415	A1S_2376	42.222	45	22	1	878	922	5	45	2.62e-04	37.7
MPN_RS02415	A1S_2073	37.037	81	45	3	872	951	446	521	6.46e-04	40.0
MPN_RS02420	A1S_0706	22.764	246	152	10	15	248	8	227	1.46e-05	42.4
MPN_RS02425	A1S_0481	36.709	316	175	10	12	312	397	702	6.23e-50	173
MPN_RS02425	A1S_2338	28.660	321	195	15	20	317	441	750	2.80e-23	97.1
MPN_RS02430	A1S_1543	39.512	410	220	6	2	404	1	389	3.88e-85	262
MPN_RS02435	A1S_1177	41.194	335	178	6	9	328	3	333	5.37e-80	244
MPN_RS02435	A1S_2501	36.176	340	193	11	10	330	133	467	1.69e-60	198
MPN_RS02445	A1S_1493	31.739	230	138	10	117	339	15	232	1.47e-20	86.7
MPN_RS02445	A1S_1398	29.767	215	144	5	118	330	18	227	1.51e-20	86.7
MPN_RS02445	A1S_2611	33.180	217	128	9	109	317	15	222	6.24e-19	81.6
MPN_RS02445	A1S_2192	31.863	204	129	5	134	333	36	233	1.20e-18	82.8
MPN_RS02445	A1S_1722	27.004	237	156	6	94	325	1	225	3.80e-17	77.8
MPN_RS02445	A1S_2299	31.553	206	118	7	142	331	45	243	7.50e-17	76.3
MPN_RS02445	A1S_3103	30.612	245	138	10	86	316	9	235	3.54e-16	74.7
MPN_RS02445	A1S_0026	28.436	211	134	6	117	325	45	240	3.93e-14	68.6
MPN_RS02445	A1S_3221	30.049	203	118	5	118	318	338	518	4.28e-14	70.1
MPN_RS02445	A1S_3221	22.831	219	150	5	117	318	20	236	3.90e-07	48.5
MPN_RS02445	A1S_2536	26.442	208	136	7	119	319	18	215	1.80e-13	67.4
MPN_RS02445	A1S_1483	26.809	235	156	7	119	343	34	262	2.12e-13	67.4
MPN_RS02445	A1S_2387	25.604	207	141	5	118	319	16	214	3.37e-13	65.9
MPN_RS02445	A1S_1061	33.684	95	61	1	238	330	13	107	2.54e-12	60.1
MPN_RS02445	A1S_0986	31.414	191	115	10	118	300	24	206	3.22e-12	62.4
MPN_RS02445	A1S_1785	26.540	211	137	6	117	320	15	214	5.84e-12	62.0
MPN_RS02445	A1S_0144	25.822	213	125	5	106	314	16	199	6.76e-12	62.0
MPN_RS02445	A1S_0536	27.103	214	148	7	117	327	24	232	6.82e-12	63.5
MPN_RS02445	A1S_2561	29.864	221	120	10	118	323	504	704	1.94e-11	62.0
MPN_RS02445	A1S_2311	25.641	273	182	10	114	379	16	274	2.26e-11	60.8
MPN_RS02445	A1S_1240	25.439	228	152	8	118	338	25	241	2.88e-11	59.7
MPN_RS02445	A1S_1671	32.484	157	94	5	119	274	355	500	1.06e-10	59.7
MPN_RS02445	A1S_1671	28.025	157	103	4	119	274	30	177	1.62e-07	49.7
MPN_RS02445	A1S_1443	25.862	232	135	9	118	338	20	225	1.28e-10	58.2
MPN_RS02445	A1S_2445	25.210	238	153	8	117	338	66	294	1.32e-10	58.5
MPN_RS02445	A1S_1555	23.144	229	145	5	108	322	340	551	1.90e-10	58.9
MPN_RS02445	A1S_1285	27.803	223	143	7	108	325	30	239	1.23e-09	55.5
MPN_RS02445	A1S_1613	25.726	241	154	9	101	322	11	245	2.11e-09	55.5
MPN_RS02445	A1S_1613	23.113	212	152	4	117	321	338	545	2.59e-07	48.9
MPN_RS02445	A1S_0007	27.074	229	126	10	101	321	312	507	2.62e-08	52.4
MPN_RS02445	A1S_0007	33.696	92	53	3	228	315	132	219	2.78e-05	42.7
MPN_RS02445	A1S_2375	27.322	183	108	7	134	306	352	519	7.22e-08	50.8
MPN_RS02445	A1S_1535	36.585	82	51	1	241	322	500	580	1.11e-07	50.1
MPN_RS02445	A1S_2073	25.359	209	142	8	118	317	20	223	6.47e-07	47.8
MPN_RS02445	A1S_3295	29.240	171	91	8	225	367	470	638	6.65e-07	48.1
MPN_RS02445	A1S_3295	35.484	93	55	3	226	314	815	906	3.82e-05	42.4
MPN_RS02445	A1S_0433	40.260	77	43	3	242	317	154	228	6.80e-07	47.8
MPN_RS02445	A1S_0433	28.155	206	112	9	105	304	323	498	3.55e-04	39.3
MPN_RS02445	A1S_2376	32.432	74	48	1	241	312	5	78	1.90e-05	39.7
MPN_RS02445	A1S_1242	25.490	204	130	7	126	320	497	687	1.00e-04	40.8
MPN_RS02445	A1S_1749	24.138	116	80	3	230	338	631	745	2.88e-04	39.7
MPN_RS02450	A1S_0026	33.668	199	122	4	19	214	47	238	1.91e-21	87.8
MPN_RS02450	A1S_2536	29.767	215	137	5	18	222	17	227	9.92e-20	84.3
MPN_RS02450	A1S_1483	25.431	232	158	4	18	235	33	263	2.70e-18	80.1
MPN_RS02450	A1S_2387	28.311	219	143	5	1	210	1	214	6.98e-18	77.8
MPN_RS02450	A1S_1443	24.675	231	165	4	1	230	3	225	8.71e-18	77.4
MPN_RS02450	A1S_1722	27.053	207	134	5	18	215	26	224	3.03e-17	76.3
MPN_RS02450	A1S_2192	26.087	253	170	7	1	242	1	247	1.37e-16	75.1
MPN_RS02450	A1S_3103	23.897	272	175	9	1	252	16	275	1.67e-15	71.2
MPN_RS02450	A1S_1398	26.761	213	144	5	19	222	19	228	5.99e-14	66.6
MPN_RS02450	A1S_0986	27.941	204	131	4	19	210	25	224	8.38e-14	65.9
MPN_RS02450	A1S_0144	26.383	235	134	6	13	230	20	232	3.96e-13	64.3
MPN_RS02450	A1S_1785	29.258	229	145	10	1	219	1	222	5.28e-13	63.9
MPN_RS02450	A1S_1535	24.370	238	148	7	10	223	367	596	7.66e-13	64.7
MPN_RS02450	A1S_1285	24.257	202	142	3	9	205	31	226	8.44e-13	63.9
MPN_RS02450	A1S_1613	22.984	248	162	7	1	222	10	254	9.66e-13	64.3
MPN_RS02450	A1S_1613	25.110	227	154	7	18	232	339	561	6.17e-12	62.0
MPN_RS02450	A1S_2611	30.693	202	124	5	19	208	25	222	1.41e-12	62.4
MPN_RS02450	A1S_2561	29.730	222	137	6	2	212	488	701	1.81e-12	63.5
MPN_RS02450	A1S_1671	27.700	213	144	5	18	224	29	237	3.17e-12	62.8
MPN_RS02450	A1S_1671	25.424	236	166	6	18	249	354	583	4.74e-09	53.1
MPN_RS02450	A1S_1555	23.767	223	150	6	18	224	350	568	2.08e-11	60.5
MPN_RS02450	A1S_3221	26.415	212	103	7	19	192	22	218	2.24e-11	60.5
MPN_RS02450	A1S_3221	28.249	177	107	6	20	192	340	500	6.74e-05	40.4
MPN_RS02450	A1S_2445	24.444	225	144	8	18	222	67	285	4.88e-11	58.5
MPN_RS02450	A1S_0536	27.149	221	151	4	1	212	6	225	1.55e-10	57.8
MPN_RS02450	A1S_2375	27.586	203	126	5	17	207	335	528	8.22e-10	55.5
MPN_RS02450	A1S_2311	24.324	222	161	5	6	223	9	227	5.53e-09	52.8
MPN_RS02450	A1S_1240	22.596	208	152	5	19	219	26	231	1.01e-08	51.2
MPN_RS02450	A1S_0433	26.941	219	127	8	17	208	16	228	9.11e-08	49.3
MPN_RS02450	A1S_1493	22.581	248	158	7	1	229	1	233	3.41e-07	47.0
MPN_RS02450	A1S_0007	21.364	220	136	6	1	209	311	504	4.55e-07	47.4
MPN_RS02450	A1S_2299	29.851	201	117	9	40	219	43	240	2.01e-06	44.7
MPN_RS02450	A1S_1242	26.106	226	133	8	6	211	476	687	3.55e-06	44.7
MPN_RS02450	A1S_2376	39.344	61	37	0	133	193	7	67	5.23e-06	40.8
MPN_RS02450	A1S_2073	25.253	198	119	9	1	194	341	513	9.55e-06	43.1
MPN_RS02450	A1S_2073	23.556	225	134	6	4	207	8	215	9.08e-05	40.0
MPN_RS02450	A1S_1061	31.746	63	43	0	132	194	17	79	3.01e-05	39.7
MPN_RS02450	A1S_1059	31.959	97	53	3	1	86	1	95	9.01e-05	38.5
MPN_RS02450	A1S_1060	32.258	93	50	3	1	81	66	157	4.93e-04	36.6
MPN_RS02455	A1S_2960	49.840	624	273	9	8	594	4	624	0.0	571
MPN_RS02455	A1S_1628	40.135	593	316	13	9	581	22	595	6.61e-124	375
MPN_RS02455	A1S_2510	35.606	528	308	14	4	519	3	510	5.87e-86	275
MPN_RS02455	A1S_2781	27.570	214	126	8	9	219	14	201	3.80e-12	64.7
MPN_RS02500	A1S_3104	24.843	318	195	12	39	319	47	357	1.52e-17	81.3
MPN_RS02500	A1S_2260	23.167	341	212	10	18	319	25	354	2.11e-17	80.1
MPN_RS02500	A1S_2504	30.275	109	70	2	216	319	447	554	2.22e-04	40.0
MPN_RS02510	A1S_0983	21.978	273	171	12	38	287	77	330	0.001	37.0
MPN_RS02515	A1S_3057	39.614	207	118	4	2	202	3	208	1.78e-42	139
MPN_RS02540	A1S_2610	27.979	193	98	6	118	273	261	449	2.78e-05	42.7
MPN_RS02625	A1S_1918	26.531	490	267	13	78	565	47	445	2.08e-33	129
MPN_RS02630	A1S_1917	30.323	155	107	1	4	157	40	194	1.66e-16	73.2
MPN_RS02630	A1S_0367	25.455	110	79	2	7	114	401	509	1.09e-04	39.3
MPN_RS02685	A1S_1039	27.843	255	155	6	124	350	171	424	7.54e-20	87.0
MPN_RS02685	A1S_2354	25.633	316	211	10	45	341	221	531	4.10e-13	67.0
MPN_RS02685	A1S_2354	31.081	74	39	1	7	68	8	81	5.96e-04	38.1
MPN_RS02685	A1S_1940	26.630	184	115	7	151	320	31	208	2.91e-09	53.9
MPN_RS02685	A1S_2324	25.301	249	150	11	126	349	10	247	2.75e-05	42.0
MPN_RS02700	A1S_0954	20.968	248	178	8	14	251	24	263	2.40e-07	47.4
MPN_RS02700	A1S_1078	28.283	99	63	3	25	122	68	159	8.46e-05	39.7
MPN_RS02700	A1S_0118	18.367	245	179	5	20	259	380	608	5.73e-04	37.7
MPN_RS02715	A1S_0506	32.192	438	285	5	4	438	5	433	8.04e-73	233
MPN_RS02715	A1S_2518	31.915	188	115	7	4	183	42	224	7.54e-18	81.3
MPN_RS02715	A1S_2518	28.144	167	111	5	183	348	43	201	2.80e-09	55.1
MPN_RS02715	A1S_2979	37.374	99	56	2	180	275	217	312	3.51e-12	64.7
MPN_RS02715	A1S_2979	26.627	169	112	4	4	169	219	378	1.02e-07	50.4
MPN_RS02715	A1S_0531	32.593	135	67	7	112	241	168	283	2.42e-04	39.7
MPN_RS02720	A1S_1571	35.426	223	129	6	5	214	6	226	1.66e-36	124
MPN_RS02730	A1S_1496	26.991	226	155	6	13	233	16	236	4.42e-19	80.1
MPN_RS02735	A1S_1354	26.540	211	124	6	1	194	1	197	2.53e-12	59.7
MPN_RS02735	A1S_1715	23.558	208	135	5	3	194	2	201	1.88e-11	57.4
MPN_RS02740	A1S_2742	33.510	755	403	16	42	700	1	752	4.14e-144	441
MPN_RS02740	A1S_0020	22.207	707	452	14	45	661	66	764	2.56e-39	154
MPN_RS02740	A1S_0542	28.378	148	90	2	46	193	3	134	4.66e-11	62.4
MPN_RS02740	A1S_0542	30.526	95	62	1	209	303	239	329	8.76e-07	48.9
MPN_RS02740	A1S_0541	24.599	187	123	7	515	698	1	172	1.61e-09	55.8
MPN_RS02745	A1S_3087	47.748	111	55	2	2	109	43	153	3.18e-27	100
MPN_RS02745	A1S_2518	26.627	169	105	5	23	182	42	200	1.49e-08	50.1
MPN_RS02745	A1S_0506	24.324	148	98	4	12	146	159	305	1.38e-04	38.5
MPN_RS02745	A1S_0506	21.176	170	122	4	23	189	5	165	2.61e-04	37.7
MPN_RS02755	A1S_0939	25.472	106	74	4	5	109	55	156	2.53e-04	39.3
MPN_RS02775	A1S_1633	32.240	183	118	5	73	252	33	212	1.54e-20	87.4
MPN_RS02775	A1S_1405	32.773	119	72	3	27	140	254	369	4.26e-09	54.3
MPN_RS02775	A1S_1403	28.205	156	102	5	251	400	7	158	5.24e-08	48.9
MPN_RS02795	A1S_1962	45.455	286	155	1	37	322	36	320	6.58e-86	259
MPN_RS02835	A1S_0204	21.905	210	136	6	3	203	20	210	1.72e-10	56.2
MPN_RS02945	A1S_0288	39.412	1157	564	20	1	1140	8	1044	0.0	804
MPN_RS02945	A1S_0288	35.021	237	150	2	1038	1272	1125	1359	1.94e-36	147
MPN_RS02950	A1S_0287	40.358	726	353	16	375	1052	274	967	3.26e-156	504
MPN_RS02950	A1S_0287	47.720	329	147	5	1025	1353	1053	1356	7.23e-89	313
MPN_RS02950	A1S_0287	26.360	239	140	7	18	244	12	226	1.08e-14	76.3
MPN_RS02975	A1S_0954	24.815	270	158	14	7	249	13	264	2.12e-04	38.5
MPN_RS02980	A1S_0020	36.855	795	464	19	1	769	11	793	3.33e-166	504
MPN_RS02980	A1S_2742	23.370	813	430	28	56	763	4	728	2.06e-37	147
MPN_RS02980	A1S_0542	24.060	532	286	19	57	532	3	472	2.21e-19	89.0
MPN_RS02980	A1S_0778	40.000	45	27	0	57	101	11	55	3.04e-04	40.8
MPN_RS02985	A1S_2698	36.686	169	80	6	6	161	2	156	1.01e-30	106
MPN_RS02990	A1S_1196	29.534	193	122	4	18	209	58	237	1.06e-15	70.1
MPN_RS02990	A1S_0386	27.513	189	122	8	22	208	14	189	1.60e-05	40.8
MPN_RS03040	A1S_0200	36.250	160	98	3	6	161	16	175	1.06e-25	94.4
MPN_RS03060	A1S_1186	52.471	688	313	4	10	689	153	834	0.0	728
MPN_RS03060	A1S_1307	37.535	706	394	11	1	687	171	848	7.69e-142	434
MPN_RS03060	A1S_1910	52.419	248	116	2	21	268	174	419	6.01e-77	259
MPN_RS03060	A1S_1910	39.936	313	176	3	397	701	424	732	6.91e-74	251
MPN_RS03060	A1S_2269	26.923	208	116	9	457	649	205	391	0.001	38.9
MPN_RS03070	A1S_0482	34.596	396	239	11	4	389	3	388	2.37e-66	213
MPN_RS03085	A1S_2587	24.324	185	104	6	1	165	1	169	1.50e-10	55.1
MPN_RS03090	A1S_2588	33.557	298	189	3	8	297	22	318	1.38e-66	208
MPN_RS03090	A1S_3427	26.718	131	64	6	8	123	14	127	5.96e-06	43.9
MPN_RS03090	A1S_2056	25.926	108	71	2	8	115	11	109	7.57e-06	43.9
MPN_RS03090	A1S_2681	30.612	98	48	3	19	102	171	262	3.62e-04	38.5
MPN_RS03090	A1S_0001	22.901	131	80	4	31	140	156	286	7.06e-04	37.7
MPN_RS03095	A1S_0186	27.273	341	243	4	20	358	4	341	2.96e-39	140
MPN_RS03095	A1S_1173	23.899	318	206	12	17	311	5	309	2.35e-12	64.7
MPN_RS03095	A1S_2015	23.562	365	250	13	19	361	5	362	6.88e-09	53.9
MPN_RS03095	A1S_0637	27.619	210	137	8	20	217	13	219	5.68e-08	51.2
MPN_RS03095	A1S_2008	24.920	313	189	13	19	303	9	303	1.56e-07	49.7
MPN_RS03100	A1S_0285	26.452	155	113	1	5	158	6	160	1.45e-15	67.0
MPN_RS03105	A1S_0286	43.443	122	65	2	4	122	3	123	9.22e-11	52.4
MPN_RS03110	A1S_0816	56.250	48	21	0	1	48	1	48	8.03e-06	35.8
MPN_RS03115	A1S_1617	35.897	78	43	2	1	71	1	78	1.61e-05	36.6
MPN_RS03125	A1S_3456	22.581	310	223	5	2	297	1	307	6.87e-27	104
MPN_RS03125	A1S_2606	25.203	123	90	2	70	191	68	189	4.27e-05	40.4
MPN_RS03125	A1S_0451	26.437	87	64	0	80	166	169	255	3.49e-04	38.1
MPN_RS03135	A1S_2519	32.456	114	72	1	31	139	18	131	6.44e-18	77.4
MPN_RS03150	A1S_0841	23.875	289	184	6	16	290	51	317	8.05e-18	79.7
MPN_RS03150	A1S_0089	27.700	213	127	6	84	290	13	204	2.67e-15	70.9
MPN_RS03150	A1S_2117	23.630	292	198	6	1	290	15	283	1.76e-09	54.7
MPN_RS03150	A1S_2463	24.057	212	128	8	88	290	8	195	5.63e-08	49.3
MPN_RS03175	A1S_0592	28.699	561	384	9	7	561	78	628	1.03e-83	270
MPN_RS03175	A1S_2819	27.885	104	67	3	437	532	439	542	4.68e-06	45.8
MPN_RS03195	A1S_2182	40.199	602	350	4	3	597	7	605	2.11e-138	414
MPN_RS03200	A1S_1550	30.714	140	85	4	17	150	38	171	1.65e-13	63.2
MPN_RS03230	A1S_2498	45.000	320	171	3	1	316	1	319	4.81e-77	242
MPN_RS03230	A1S_1481	35.644	101	48	1	161	244	4	104	2.11e-12	64.7
MPN_RS03230	A1S_2991	28.030	132	83	4	159	286	199	322	5.98e-05	41.6
MPN_RS03235	A1S_1274	27.224	371	217	13	24	350	25	386	1.14e-23	97.4
MPN_RS03235	A1S_1705	25.000	360	227	10	1	333	1	344	3.96e-10	57.0
MPN_RS03235	A1S_0719	26.786	168	106	7	56	222	69	220	1.80e-04	39.7
MPN_RS03245	A1S_2879	34.000	50	33	0	6	55	3	52	6.64e-04	36.6
MPN_RS03255	A1S_2518	22.680	291	195	10	6	276	42	322	4.08e-08	50.4
MPN_RS03255	A1S_2979	29.787	141	78	7	2	133	215	343	1.81e-04	39.3
MPN_RS03270	A1S_2561	19.128	711	488	19	1	654	15	695	1.26e-11	64.3
MPN_RS03270	A1S_0144	27.083	192	122	7	461	644	8	189	9.45e-08	50.4
MPN_RS03270	A1S_1535	27.670	206	118	8	474	653	372	572	2.56e-07	50.4
MPN_RS03270	A1S_3103	30.952	84	56	1	453	534	6	89	9.44e-07	47.4
MPN_RS03270	A1S_1398	27.749	191	119	7	479	651	19	208	2.84e-06	45.8
MPN_RS03270	A1S_2536	26.347	167	97	7	479	624	18	179	8.45e-06	45.1
MPN_RS03270	A1S_0536	24.615	195	127	6	479	654	26	219	2.35e-05	43.9
MPN_RS03270	A1S_2387	26.178	191	122	7	479	651	17	206	2.82e-05	42.7
MPN_RS03270	A1S_1242	35.385	65	42	0	476	540	489	553	3.65e-05	43.5
MPN_RS03270	A1S_2375	22.897	214	142	5	459	654	319	527	8.21e-05	42.0
MPN_RS03270	A1S_1483	25.000	192	124	6	455	626	7	198	2.49e-04	40.4
MPN_RS03270	A1S_1785	28.261	184	104	8	479	640	17	194	3.72e-04	39.3
MPN_RS03270	A1S_2611	24.623	199	130	7	479	657	25	223	5.47e-04	38.5
MPN_RS03270	A1S_0433	25.366	205	110	6	477	645	19	216	6.46e-04	39.3
MPN_RS03275	A1S_0227	37.793	299	181	4	137	433	170	465	4.19e-54	184
MPN_RS03280	A1S_2664	42.831	537	295	2	2	537	3	528	4.92e-146	428
MPN_RS03285	A1S_2665	28.125	96	63	3	3	98	4	93	2.44e-04	34.7
MPN_RS03295	A1S_2307	55.419	406	176	2	1	401	10	415	7.20e-156	443
MPN_RS03405	A1S_0156	22.989	87	66	1	26	111	26	112	7.18e-04	34.3
MPN_RS03410	A1S_0155	63.383	467	163	3	6	467	1	464	0.0	605
MPN_RS03410	A1S_0153	25.131	382	260	7	56	417	70	445	3.51e-26	107
MPN_RS03415	A1S_0154	26.962	293	194	8	1	279	1	287	5.56e-27	103
MPN_RS03420	A1S_0153	49.802	506	238	3	6	499	7	508	9.27e-179	509
MPN_RS03420	A1S_0155	25.607	453	301	10	28	465	10	441	1.57e-28	115
MPN_RS03425	A1S_0152	24.260	169	123	3	4	171	8	172	2.63e-08	48.1
MPN_RS03450	A1S_1898	54.875	441	184	5	11	451	3	428	5.97e-160	456
MPN_RS03455	A1S_0455	44.444	153	83	2	1	152	1	152	8.33e-45	142
MPN_RS03465	A1S_2445	50.000	238	118	1	92	328	61	298	4.52e-82	248
MPN_RS03465	A1S_3103	33.594	256	149	8	62	312	1	240	6.36e-39	135
MPN_RS03465	A1S_1483	36.782	261	139	12	76	325	9	254	2.23e-37	134
MPN_RS03465	A1S_1398	30.172	232	149	6	97	325	17	238	1.56e-36	129
MPN_RS03465	A1S_1493	32.627	236	143	7	82	313	1	224	1.55e-33	120
MPN_RS03465	A1S_2299	33.058	242	149	8	95	327	18	255	6.76e-30	111
MPN_RS03465	A1S_0026	31.224	237	139	8	85	319	34	248	1.20e-29	111
MPN_RS03465	A1S_2192	34.632	231	131	6	102	325	24	241	1.50e-29	112
MPN_RS03465	A1S_2536	31.416	226	136	7	97	316	16	228	1.92e-29	112
MPN_RS03465	A1S_1613	33.333	255	149	11	79	317	7	256	8.81e-28	110
MPN_RS03465	A1S_1613	25.564	266	169	9	78	325	311	565	9.15e-21	89.7
MPN_RS03465	A1S_1722	32.129	249	132	11	85	320	10	234	1.02e-26	103
MPN_RS03465	A1S_1555	30.568	229	142	6	92	315	344	560	1.47e-24	100
MPN_RS03465	A1S_1535	29.964	277	172	9	47	315	327	589	2.52e-22	94.4
MPN_RS03465	A1S_1285	31.429	210	118	7	93	296	35	224	4.11e-21	88.6
MPN_RS03465	A1S_2561	31.489	235	136	8	79	305	484	701	1.60e-20	89.0
MPN_RS03465	A1S_1785	27.686	242	149	10	84	317	3	226	9.40e-20	84.0
MPN_RS03465	A1S_1240	27.016	248	158	9	73	313	1	232	2.34e-19	82.8
MPN_RS03465	A1S_1671	28.182	220	140	7	95	312	351	554	2.72e-19	85.1
MPN_RS03465	A1S_1671	25.610	246	156	8	78	312	3	232	6.22e-18	81.3
MPN_RS03465	A1S_2311	29.362	235	142	10	85	313	7	223	1.30e-18	81.6
MPN_RS03465	A1S_2387	28.033	239	152	9	82	314	1	225	3.00e-18	79.7
MPN_RS03465	A1S_1443	27.155	232	144	11	81	305	2	215	8.76e-18	78.6
MPN_RS03465	A1S_0986	31.683	202	102	8	98	283	24	205	1.11e-17	77.8
MPN_RS03465	A1S_1061	33.028	109	71	1	221	327	12	120	5.38e-17	72.8
MPN_RS03465	A1S_0536	30.769	221	122	8	79	285	3	206	1.85e-16	77.0
MPN_RS03465	A1S_2611	28.139	231	146	10	80	301	3	222	3.33e-16	73.6
MPN_RS03465	A1S_1242	27.059	255	154	9	83	323	472	708	9.88e-14	68.6
MPN_RS03465	A1S_2375	29.534	193	113	5	98	283	336	512	3.16e-13	67.0
MPN_RS03465	A1S_3221	25.943	212	120	8	96	283	19	217	5.74e-13	66.2
MPN_RS03465	A1S_3221	21.918	219	146	7	82	300	323	516	3.12e-06	45.1
MPN_RS03465	A1S_0144	23.707	232	138	7	92	317	19	217	3.13e-12	62.4
MPN_RS03465	A1S_0007	24.889	225	140	8	82	305	311	507	2.80e-11	60.8
MPN_RS03465	A1S_0007	33.721	86	53	2	216	300	138	220	2.69e-05	42.4
MPN_RS03465	A1S_2376	38.824	85	42	2	227	309	7	83	6.48e-10	52.4
MPN_RS03465	A1S_0433	27.700	213	133	10	103	301	23	228	2.37e-09	55.1
MPN_RS03465	A1S_0433	23.387	248	151	11	80	319	316	532	5.55e-07	47.8
MPN_RS03465	A1S_2073	27.273	198	121	12	97	285	18	201	3.01e-06	45.1
MPN_RS03465	A1S_1749	26.119	134	76	4	219	329	329	462	5.51e-06	44.7
MPN_RS03465	A1S_1749	29.000	100	65	3	225	318	642	741	2.56e-05	42.4
MPN_RS03465	A1S_1059	32.632	95	55	5	82	172	1	90	1.96e-05	40.4
MPN_RS03465	A1S_2377	34.848	66	40	2	75	139	39	102	4.32e-05	40.4
MPN_RS03465	A1S_1360	32.143	84	40	3	97	176	54	124	4.98e-05	39.3
MPN_RS03465	A1S_3295	26.271	118	78	3	219	328	480	596	2.11e-04	39.7
MPN_RS03465	A1S_1060	40.000	40	24	0	277	316	2	41	4.45e-04	37.0
MPN_RS03470	A1S_2447	26.556	241	155	6	66	297	231	458	2.24e-15	75.5
MPN_RS03470	A1S_2447	29.787	235	133	8	376	594	197	415	4.66e-15	74.7
MPN_RS03470	A1S_2446	30.075	133	88	1	435	567	268	395	3.31e-13	68.9
MPN_RS03470	A1S_2446	25.954	131	92	2	88	217	264	390	5.38e-05	42.7
MPN_RS03470	A1S_1482	30.986	71	47	1	487	555	59	129	6.14e-07	47.0
MPN_RS03470	A1S_2534	23.377	231	153	6	70	290	54	270	2.33e-06	46.2
MPN_RS03470	A1S_2534	27.619	105	73	1	502	606	150	251	3.25e-05	42.7
MPN_RS03475	A1S_2448	26.549	339	184	16	40	343	28	336	4.39e-04	38.5
MPN_RS03505	A1S_3001	45.238	126	67	1	7	132	5	128	4.58e-24	87.0
MPN_RS03510	A1S_3000	38.406	138	85	0	7	144	4	141	5.70e-36	118
MPN_RS03510	A1S_2566	39.130	46	28	0	85	130	47	92	1.35e-04	37.4
MPN_RS03515	A1S_2056	39.721	287	171	2	1	286	1	286	7.52e-65	224
MPN_RS03515	A1S_1558	31.361	169	94	5	38	190	14	176	1.21e-14	72.0
MPN_RS03515	A1S_3427	26.423	246	135	9	5	241	8	216	8.49e-09	54.7
MPN_RS03520	A1S_3295	51.883	956	432	12	7	948	2	943	0.0	950
MPN_RS03520	A1S_3295	32.500	120	71	2	2	121	610	719	1.36e-09	58.5
MPN_RS03520	A1S_1749	37.243	682	366	17	273	948	127	752	6.73e-128	401
MPN_RS03520	A1S_1749	44.295	149	68	1	7	140	2	150	3.67e-27	115
MPN_RS03520	A1S_1749	31.731	208	125	8	618	810	4	209	8.44e-19	88.2
MPN_RS03520	A1S_1749	57.500	40	17	0	8	47	455	494	2.40e-07	51.2
MPN_RS03520	A1S_2299	29.412	136	86	3	814	948	132	258	4.30e-09	55.1
MPN_RS03520	A1S_2299	26.515	132	79	4	477	602	136	255	5.60e-05	42.4
MPN_RS03520	A1S_1240	31.298	131	71	6	814	938	124	241	8.21e-07	48.1
MPN_RS03520	A1S_1240	25.466	161	89	8	439	591	97	234	6.44e-04	39.3
MPN_RS03520	A1S_0144	33.333	105	63	4	795	898	88	186	2.45e-06	46.6
MPN_RS03520	A1S_1613	29.104	134	82	5	814	943	140	264	2.99e-06	47.4
MPN_RS03520	A1S_2536	28.431	204	112	9	439	622	86	275	1.58e-05	44.7
MPN_RS03520	A1S_1555	33.333	102	55	4	830	931	470	558	4.70e-05	43.5
MPN_RS03520	A1S_3103	28.488	172	99	8	439	605	105	257	8.37e-05	42.0
MPN_RS03520	A1S_0536	26.733	101	63	3	836	934	147	238	1.35e-04	42.4
MPN_RS03520	A1S_1061	27.027	111	70	4	836	944	18	119	1.45e-04	39.3
MPN_RS03520	A1S_2376	29.167	72	47	2	835	905	6	74	1.63e-04	38.5
MPN_RS03520	A1S_0007	28.283	99	64	3	813	910	126	218	3.40e-04	40.8
MPN_RS03520	A1S_1483	45.000	40	22	0	8	47	21	60	5.59e-04	39.7
MPN_RS03520	A1S_3221	34.146	82	47	4	836	916	445	520	0.001	39.3
MPN_RS03520	A1S_2611	30.108	93	61	3	477	568	130	219	0.001	38.5
MPN_RS03535	A1S_0360	43.902	82	46	0	4	85	7	88	5.67e-16	63.5
MPN_RS03540	A1S_2260	33.154	371	228	8	1	361	1	361	5.29e-51	174
MPN_RS03540	A1S_3104	31.443	388	242	10	1	374	1	378	6.24e-50	176
MPN_RS03545	A1S_0448	29.508	61	42	1	1	60	1	61	0.001	31.2
MPN_RS03560	A1S_1945	35.599	559	351	5	5	563	401	950	1.29e-111	352
MPN_RS03560	A1S_0413	29.772	571	393	4	2	566	180	748	2.55e-88	286
MPN_RS03560	A1S_2164	27.934	426	244	14	152	535	382	786	1.81e-29	120
MPN_RS03565	A1S_0230	41.188	505	286	7	6	504	12	511	6.91e-130	384
MPN_RS03570	A1S_0330	38.521	257	141	6	3	244	7	261	5.24e-50	161
MPN_RS03580	A1S_2322	37.500	280	162	6	7	285	8	275	1.31e-51	168
MPN_RS03585	A1S_1975	29.060	234	162	4	4	235	11	242	3.13e-30	109
MPN_RS03600	A1S_1974	30.814	172	114	3	16	184	15	184	6.07e-26	95.1
MPN_RS03605	A1S_1972	28.477	151	58	4	214	360	148	252	2.11e-09	54.7
MPN_RS03710	A1S_0506	36.842	76	44	2	118	189	177	252	2.41e-08	51.2
MPN_RS03710	A1S_2979	35.616	73	39	2	103	172	207	274	7.37e-04	37.4
MPN_RS03720	A1S_3161	44.737	114	62	1	5	117	3	116	1.07e-32	108
MPN_RS03725	A1S_3162	39.076	238	136	3	1	229	1	238	2.09e-51	164
MPN_RS03730	A1S_3164	38.028	71	42	1	2	70	23	93	6.08e-12	53.5
MPN_RS03740	A1S_1469	43.902	123	68	1	7	129	6	127	8.10e-36	117
MPN_RS03745	A1S_0602	39.823	113	62	3	99	207	34	144	1.62e-18	80.9
MPN_RS03755	A1S_0279	68.020	394	124	1	1	392	1	394	0.0	536
MPN_RS03755	A1S_0869	67.632	380	121	1	15	392	1	380	0.0	511
MPN_RS03755	A1S_1001	28.065	310	183	10	17	297	29	327	8.26e-24	99.8
MPN_RS03755	A1S_2835	28.671	286	182	10	14	283	9	288	1.61e-19	87.0
MPN_RS03755	A1S_0868	33.094	139	75	5	14	139	12	145	4.88e-10	57.8
MPN_RS03755	A1S_2522	24.790	238	151	6	14	243	15	232	1.61e-09	56.2
MPN_RS03755	A1S_0554	25.658	152	96	4	18	159	20	164	4.62e-07	48.1
MPN_RS03765	A1S_0062	41.281	281	161	3	4	281	2	281	1.06e-62	196
MPN_RS03765	A1S_1549	27.108	166	83	5	6	136	2	164	1.96e-06	44.7
MPN_RS03770	A1S_0617	30.882	136	90	3	3	136	6	139	1.19e-18	73.9
MPN_RS03775	A1S_0014	31.111	315	201	9	6	314	11	315	2.16e-34	128
MPN_RS03790	A1S_2681	45.703	512	259	8	172	673	102	604	2.49e-145	435
MPN_RS03790	A1S_3427	25.758	198	116	9	264	449	45	223	9.06e-06	45.1
MPN_RS03790	A1S_0477	39.744	78	41	3	264	335	114	191	4.15e-05	43.1
MPN_RS03790	A1S_1690	26.263	198	94	8	251	413	20	200	1.02e-04	41.6
MPN_RS03795	A1S_2974	36.145	166	104	1	5	168	6	171	4.49e-39	128
MPN_RS03800	A1S_1982	32.743	113	60	7	2	112	4	102	8.96e-06	40.4
MPN_RS03805	A1S_3025	25.000	312	208	13	2	293	3	308	1.41e-06	45.8
MPN_RS03820	A1S_3210	29.697	330	202	8	126	444	10	320	1.50e-42	152
MPN_RS03820	A1S_0247	32.400	250	140	7	7	255	46	267	8.79e-32	120
MPN_RS03820	A1S_3209	62.500	48	18	0	3	50	2	49	4.23e-15	67.0
MPN_RS03820	A1S_2108	26.357	129	87	1	2	130	50	170	9.63e-09	54.3
MPN_RS03825	A1S_2998	36.199	221	131	6	8	219	18	237	7.77e-32	115
MPN_RS03840	A1S_2984	65.909	44	15	0	1	44	1	44	2.24e-14	56.6
MPN_RS03845	A1S_2611	34.361	227	132	3	110	327	4	222	1.87e-39	136
MPN_RS03845	A1S_0986	35.714	210	126	2	126	329	18	224	5.76e-38	132
MPN_RS03845	A1S_0536	39.336	211	120	4	130	337	23	228	2.57e-37	138
MPN_RS03845	A1S_2536	35.784	204	118	5	133	329	18	215	1.62e-35	129
MPN_RS03845	A1S_1483	33.333	201	130	3	133	330	34	233	1.77e-34	126
MPN_RS03845	A1S_2192	34.434	212	135	3	122	330	10	220	1.05e-33	124
MPN_RS03845	A1S_1722	34.419	215	127	4	121	330	15	220	6.72e-33	120
MPN_RS03845	A1S_1398	33.649	211	129	5	126	330	12	217	3.08e-31	115
MPN_RS03845	A1S_1493	31.731	208	129	6	132	332	16	217	4.22e-29	109
MPN_RS03845	A1S_0026	33.921	227	129	7	109	332	29	237	1.37e-28	108
MPN_RS03845	A1S_1443	32.877	219	129	6	119	330	7	214	9.91e-28	106
MPN_RS03845	A1S_1285	28.750	240	137	6	114	339	27	246	5.47e-27	104
MPN_RS03845	A1S_3103	33.990	203	127	4	132	329	31	231	7.52e-26	101
MPN_RS03845	A1S_1671	30.769	182	119	3	130	309	27	203	5.89e-21	90.5
MPN_RS03845	A1S_1671	28.079	203	132	5	133	331	355	547	9.55e-15	71.6
MPN_RS03845	A1S_1613	25.483	259	173	8	87	330	291	544	1.12e-20	89.7
MPN_RS03845	A1S_1613	29.317	249	142	10	105	329	4	242	2.29e-16	76.6
MPN_RS03845	A1S_2375	32.984	191	106	6	133	313	337	515	1.00e-18	83.6
MPN_RS03845	A1S_1240	28.293	205	137	6	132	331	25	224	1.86e-18	80.5
MPN_RS03845	A1S_2299	31.925	213	128	5	132	329	21	231	4.71e-18	79.3
MPN_RS03845	A1S_0144	27.461	193	105	3	127	311	20	185	1.93e-17	77.8
MPN_RS03845	A1S_1061	33.721	86	56	1	246	330	12	97	5.02e-17	73.2
MPN_RS03845	A1S_1555	30.288	208	122	7	135	330	353	549	1.01e-16	77.8
MPN_RS03845	A1S_2561	25.397	252	166	8	92	335	468	705	3.40e-16	76.3
MPN_RS03845	A1S_2445	28.019	207	134	6	136	330	71	274	8.03e-16	73.6
MPN_RS03845	A1S_2387	27.451	204	137	6	132	329	16	214	1.82e-15	72.0
MPN_RS03845	A1S_1785	25.962	208	142	6	132	333	16	217	2.32e-14	68.6
MPN_RS03845	A1S_3221	27.354	223	127	7	132	327	21	235	3.47e-14	70.1
MPN_RS03845	A1S_3221	24.242	198	128	6	132	326	338	516	1.14e-09	56.2
MPN_RS03845	A1S_2311	28.495	186	113	5	133	310	21	194	4.93e-14	68.6
MPN_RS03845	A1S_2376	47.222	72	37	1	252	322	7	78	7.44e-14	63.2
MPN_RS03845	A1S_1535	27.700	213	129	6	132	329	375	577	2.35e-13	67.4
MPN_RS03845	A1S_0433	26.244	221	142	5	131	333	17	234	1.68e-12	65.1
MPN_RS03845	A1S_0433	26.214	206	128	6	126	328	327	511	8.06e-07	47.4
MPN_RS03845	A1S_1242	29.630	216	135	7	124	332	484	689	8.55e-10	56.6
MPN_RS03845	A1S_1360	33.333	96	47	3	111	204	43	123	4.81e-07	45.1
MPN_RS03845	A1S_0007	21.759	216	123	8	132	333	326	509	8.45e-07	47.0
MPN_RS03845	A1S_0007	32.500	80	49	2	252	330	149	224	1.06e-06	47.0
MPN_RS03845	A1S_2073	29.825	171	89	9	146	311	367	511	1.28e-05	43.5
MPN_RS03845	A1S_2073	31.250	80	50	2	248	326	140	215	3.29e-05	42.0
MPN_RS03845	A1S_1749	30.263	76	50	2	252	325	337	411	3.09e-05	42.4
MPN_RS03845	A1S_1749	27.027	74	53	1	252	325	644	716	1.58e-04	40.0
MPN_RS03845	A1S_3295	30.233	86	57	2	252	335	488	572	2.40e-04	39.7
MPN_RS03855	A1S_0986	37.811	201	120	1	71	266	24	224	1.11e-46	153
MPN_RS03855	A1S_0536	38.605	215	127	2	71	281	25	238	9.34e-42	149
MPN_RS03855	A1S_2611	30.556	216	141	2	56	264	9	222	2.88e-36	126
MPN_RS03855	A1S_2192	34.821	224	133	5	73	284	22	244	1.08e-33	122
MPN_RS03855	A1S_0026	35.885	209	121	6	71	276	46	244	4.81e-33	119
MPN_RS03855	A1S_1398	36.697	218	123	8	71	277	18	231	6.41e-33	118
MPN_RS03855	A1S_2536	33.831	201	118	3	75	266	21	215	6.46e-31	115
MPN_RS03855	A1S_1483	34.500	200	121	4	75	267	37	233	4.39e-29	110
MPN_RS03855	A1S_2311	31.579	209	127	4	75	273	24	226	6.30e-26	100
MPN_RS03855	A1S_1493	35.533	197	118	6	79	269	24	217	6.32e-26	99.8
MPN_RS03855	A1S_1285	31.222	221	129	5	47	261	23	226	6.47e-26	100
MPN_RS03855	A1S_1722	30.392	204	126	5	73	269	28	222	1.87e-24	96.3
MPN_RS03855	A1S_1443	30.702	228	133	6	47	267	5	214	8.31e-23	91.7
MPN_RS03855	A1S_3103	30.244	205	134	6	69	266	29	231	4.46e-20	84.3
MPN_RS03855	A1S_1671	28.571	217	139	7	75	283	33	241	1.91e-19	84.7
MPN_RS03855	A1S_1671	29.319	191	123	6	82	268	365	547	4.41e-17	77.8
MPN_RS03855	A1S_1535	29.596	223	136	6	58	266	362	577	3.57e-18	80.9
MPN_RS03855	A1S_1555	31.707	205	115	7	77	267	356	549	6.27e-18	80.1
MPN_RS03855	A1S_2375	31.818	198	117	6	64	252	329	517	7.84e-18	79.7
MPN_RS03855	A1S_1240	23.902	205	146	4	71	269	25	225	1.65e-16	73.9
MPN_RS03855	A1S_1242	30.769	221	119	9	77	280	495	698	6.61e-16	74.3
MPN_RS03855	A1S_2299	29.474	190	113	7	95	266	45	231	1.13e-15	71.6
MPN_RS03855	A1S_1613	27.064	218	140	8	75	276	343	557	1.54e-15	73.2
MPN_RS03855	A1S_1613	29.694	229	132	9	75	278	34	258	6.37e-15	71.2
MPN_RS03855	A1S_2445	28.846	208	129	8	75	267	71	274	2.96e-15	71.2
MPN_RS03855	A1S_0144	22.043	186	127	3	75	259	29	197	2.02e-14	68.2
MPN_RS03855	A1S_1785	23.711	194	129	4	71	254	16	200	1.69e-13	65.5
MPN_RS03855	A1S_2387	21.983	232	168	5	59	282	4	230	6.73e-13	63.9
MPN_RS03855	A1S_0433	26.389	216	132	8	71	264	18	228	1.13e-12	64.7
MPN_RS03855	A1S_0433	25.714	210	122	8	79	275	341	529	1.16e-04	40.0
MPN_RS03855	A1S_1061	32.632	95	59	2	188	277	17	111	2.43e-12	59.7
MPN_RS03855	A1S_2561	26.699	206	137	5	71	269	504	702	3.03e-12	63.2
MPN_RS03855	A1S_3221	24.681	235	116	8	71	264	21	235	1.79e-10	57.8
MPN_RS03855	A1S_3221	19.704	203	147	4	62	263	329	516	2.89e-09	54.3
MPN_RS03855	A1S_2376	38.333	60	37	0	189	248	7	66	5.25e-09	49.3
MPN_RS03855	A1S_0007	22.549	204	136	6	65	265	320	504	5.87e-09	53.1
MPN_RS03855	A1S_0007	20.833	192	133	5	77	253	22	209	1.73e-04	39.3
MPN_RS03855	A1S_1360	39.706	68	35	1	74	141	58	119	4.99e-08	47.8
MPN_RS03855	A1S_3295	30.075	133	82	5	135	261	779	906	7.68e-07	47.0
MPN_RS03855	A1S_3295	29.670	91	51	4	189	269	488	575	6.32e-04	37.7
MPN_RS03855	A1S_1749	23.256	86	63	2	184	269	639	721	2.17e-04	39.3
MPN_RS03860	A1S_0001	34.535	333	200	10	101	427	129	449	1.50e-46	164
MPN_RS03860	A1S_2603	27.407	135	80	5	138	272	43	159	2.03e-04	39.3
MPN_RS03870	A1S_1551	28.079	203	133	4	2	202	4	195	4.72e-22	89.4
MPN_RS03870	A1S_0124	24.359	234	138	9	7	210	8	232	9.08e-10	54.7
MPN_RS03870	A1S_0639	22.619	168	121	5	101	261	113	278	1.32e-07	48.5
