MPN_RS00010	Rv0352	36.364	66	39	1	4	66	12	77	1.15e-06	46.2
MPN_RS00010	Rv2373c	41.071	56	31	1	4	57	6	61	2.20e-05	42.4
MPN_RS00015	Rv0005	47.801	682	297	9	10	650	12	675	0.0	628
MPN_RS00020	Rv0006	42.804	799	447	6	20	809	15	812	0.0	672
MPN_RS00020	Rv0006	21.622	222	146	8	512	726	618	818	2.86e-05	44.7
MPN_RS00025	Rv3834c	34.450	418	265	6	1	414	1	413	3.63e-69	222
MPN_RS00030	Rv3247c	31.013	158	95	5	5	151	1	155	3.69e-07	45.8
MPN_RS00035	Rv3644c	24.648	142	98	4	5	139	40	179	1.37e-05	42.4
MPN_RS00035	Rv3721c	22.222	99	75	1	37	133	70	168	3.42e-04	38.5
MPN_RS00040	Rv1713	36.220	127	76	2	217	338	199	325	8.36e-16	75.9
MPN_RS00040	Rv1713	35.632	87	56	0	220	306	29	115	1.77e-09	56.2
MPN_RS00040	Rv2725c	32.203	118	70	3	199	311	252	364	2.39e-06	46.6
MPN_RS00040	Rv2364c	27.957	93	64	1	220	309	9	101	2.72e-04	39.7
MPN_RS00045	Rv1008	30.435	207	131	5	59	260	59	257	3.90e-26	100
MPN_RS00090	Rv3356c	31.183	279	169	6	3	263	6	279	7.94e-35	124
MPN_RS00105	Rv1273c	29.307	505	330	9	115	613	90	573	1.91e-61	211
MPN_RS00105	Rv0194	26.121	513	343	11	115	619	92	576	1.05e-46	174
MPN_RS00105	Rv0194	23.654	520	364	9	102	612	683	1178	2.50e-35	139
MPN_RS00105	Rv1272c	27.545	501	335	8	115	611	155	631	1.64e-45	168
MPN_RS00105	Rv1349	30.742	283	182	5	334	614	300	570	3.72e-38	145
MPN_RS00105	Rv1348	28.926	242	159	4	367	608	612	840	1.06e-28	119
MPN_RS00105	Rv2397c	29.545	220	132	6	376	589	11	213	1.93e-22	96.3
MPN_RS00105	Rv1859	26.818	220	130	8	385	590	16	218	5.46e-18	83.2
MPN_RS00105	Rv0986	26.383	235	150	7	363	589	5	224	1.06e-16	77.0
MPN_RS00105	Rv2038c	26.761	213	135	6	379	587	17	212	4.82e-16	77.0
MPN_RS00105	Rv2832c	25.991	227	133	9	383	598	21	223	2.58e-15	74.7
MPN_RS00105	Rv0933	26.201	229	147	7	369	589	26	240	5.03e-15	72.8
MPN_RS00105	Rv1621c	25.123	203	138	3	385	586	333	522	5.70e-15	74.7
MPN_RS00105	Rv3663c	28.899	218	124	9	386	589	310	510	6.47e-15	74.7
MPN_RS00105	Rv3663c	28.358	201	116	9	386	572	28	214	2.05e-10	60.1
MPN_RS00105	Rv1238	27.830	212	126	7	383	587	20	211	4.07e-14	71.2
MPN_RS00105	Rv3102c	27.119	177	110	4	380	552	16	177	3.06e-13	66.6
MPN_RS00105	Rv1747	23.744	219	146	9	379	592	331	533	5.40e-13	68.9
MPN_RS00105	Rv1281c	25.455	220	141	8	383	589	24	233	6.20e-13	68.6
MPN_RS00105	Rv1281c	28.440	218	123	9	386	589	380	578	1.05e-11	64.3
MPN_RS00105	Rv2564	28.485	165	98	4	386	545	26	175	8.41e-13	66.6
MPN_RS00105	Rv0655	26.154	195	126	5	384	573	44	225	4.32e-12	64.7
MPN_RS00105	Rv3758c	27.273	209	131	8	399	601	34	227	3.12e-11	62.4
MPN_RS00105	Rv2688c	25.114	219	141	8	383	598	35	233	3.18e-11	61.6
MPN_RS00105	Rv3041c	24.227	194	111	5	365	545	22	192	5.14e-11	60.8
MPN_RS00105	Rv2936	25.568	176	116	5	383	558	25	185	8.97e-11	60.5
MPN_RS00105	Rv0073	28.144	167	96	5	386	545	26	175	9.33e-11	60.5
MPN_RS00105	Rv1687c	28.824	170	98	6	377	545	27	174	1.08e-10	59.3
MPN_RS00105	Rv1620c	23.077	234	158	7	329	557	306	522	1.08e-10	61.2
MPN_RS00105	Rv1458c	24.664	223	142	7	383	601	27	227	1.70e-10	59.7
MPN_RS00105	Rv1463	25.105	239	153	8	365	589	4	230	2.22e-09	55.5
MPN_RS00105	Rv2326c	27.692	195	118	6	357	549	469	642	2.87e-09	56.6
MPN_RS00105	Rv1819c	24.607	191	119	4	382	571	442	608	3.78e-08	53.1
MPN_RS00105	Rv3781	23.148	216	134	7	381	591	51	239	2.54e-07	49.3
MPN_RS00105	Rv2477c	24.895	237	137	7	383	595	21	240	3.63e-07	50.1
MPN_RS00105	Rv2477c	24.227	194	120	6	378	571	332	498	0.001	38.9
MPN_RS00105	Rv0820	25.946	185	113	7	399	572	36	207	5.20e-06	45.1
MPN_RS00105	Rv3000	21.591	88	69	0	377	464	15	102	5.64e-06	44.7
MPN_RS00110	Rv1272c	34.756	492	311	5	141	631	149	631	9.89e-101	317
MPN_RS00110	Rv0194	24.371	517	370	6	117	628	674	1174	8.98e-54	196
MPN_RS00110	Rv0194	25.697	502	349	8	129	628	86	565	4.26e-46	172
MPN_RS00110	Rv1349	36.441	236	149	1	396	630	331	566	4.56e-53	188
MPN_RS00110	Rv1348	40.000	230	137	1	399	628	612	840	4.00e-52	189
MPN_RS00110	Rv1273c	27.950	483	301	13	171	631	114	571	1.34e-44	164
MPN_RS00110	Rv1621c	27.586	261	178	7	351	607	271	524	3.97e-25	106
MPN_RS00110	Rv1620c	27.586	203	130	2	389	574	317	519	6.47e-23	100
MPN_RS00110	Rv3663c	27.948	229	122	10	415	618	309	519	5.29e-16	78.2
MPN_RS00110	Rv3663c	26.943	193	105	7	401	572	15	192	2.11e-08	53.9
MPN_RS00110	Rv3102c	27.461	193	119	4	407	589	13	194	1.80e-15	73.2
MPN_RS00110	Rv1859	25.926	216	131	6	416	613	17	221	2.39e-15	75.1
MPN_RS00110	Rv0933	28.182	220	147	3	408	618	32	249	4.53e-15	72.8
MPN_RS00110	Rv0986	27.027	222	144	6	410	621	23	236	4.64e-15	72.4
MPN_RS00110	Rv2038c	22.917	240	159	7	396	623	3	228	9.70e-15	73.2
MPN_RS00110	Rv2397c	26.699	206	140	5	413	614	20	218	6.08e-14	70.5
MPN_RS00110	Rv1458c	26.291	213	137	8	416	622	30	228	2.67e-13	68.2
MPN_RS00110	Rv2832c	23.214	224	146	6	396	607	3	212	4.96e-13	67.8
MPN_RS00110	Rv1747	21.719	221	156	5	395	607	317	528	1.21e-12	67.8
MPN_RS00110	Rv2564	28.333	180	114	6	395	565	2	175	1.24e-12	66.2
MPN_RS00110	Rv2688c	25.000	232	148	8	397	618	18	233	2.69e-11	62.0
MPN_RS00110	Rv3758c	25.877	228	141	6	397	610	2	215	2.88e-11	62.4
MPN_RS00110	Rv1218c	24.887	221	128	6	413	618	25	222	8.41e-11	60.5
MPN_RS00110	Rv1281c	26.106	226	128	9	415	618	379	587	1.95e-10	60.5
MPN_RS00110	Rv1281c	26.496	234	133	12	415	622	26	246	2.11e-09	57.0
MPN_RS00110	Rv1238	21.860	215	141	7	416	618	23	222	5.61e-10	58.5
MPN_RS00110	Rv1473	26.923	208	126	5	370	572	305	491	1.51e-09	57.4
MPN_RS00110	Rv1473	40.000	40	24	0	415	454	21	60	4.08e-04	40.0
MPN_RS00110	Rv0073	28.571	175	113	7	396	565	8	175	1.82e-09	56.6
MPN_RS00110	Rv1463	24.454	229	153	8	411	624	24	247	4.81e-09	54.7
MPN_RS00110	Rv0820	27.322	183	111	6	425	592	32	207	1.61e-07	50.1
MPN_RS00110	Rv3000	26.506	83	61	0	423	505	31	113	4.71e-07	48.1
MPN_RS00110	Rv1819c	23.041	217	143	6	385	596	416	613	6.08e-07	49.3
MPN_RS00110	Rv0655	24.064	187	132	4	416	596	46	228	1.19e-06	47.8
MPN_RS00110	Rv3041c	22.959	196	125	5	416	595	40	225	1.58e-06	47.0
MPN_RS00110	Rv2936	33.929	56	35	1	413	468	25	78	1.73e-06	47.4
MPN_RS00110	Rv2477c	25.854	205	112	6	401	576	9	202	5.16e-06	46.2
MPN_RS00110	Rv2326c	25.957	235	136	11	370	595	223	428	1.26e-05	45.1
MPN_RS00110	Rv1687c	24.074	162	94	6	413	565	33	174	3.46e-05	42.7
MPN_RS00115	Rv2101	33.544	474	295	8	576	1029	531	1004	1.14e-76	269
MPN_RS00120	Rv0352	29.708	377	226	10	5	360	8	366	4.83e-34	127
MPN_RS00120	Rv2373c	29.189	370	235	8	6	370	3	350	2.22e-33	125
MPN_RS00125	Rv0840c	32.673	101	68	0	16	116	9	109	5.76e-08	50.1
MPN_RS00125	Rv2214c	24.118	170	126	3	1	169	1	168	1.15e-05	43.5
MPN_RS00125	Rv0134	26.829	123	77	3	10	126	14	129	1.28e-05	42.7
MPN_RS00125	Rv1191	27.419	124	81	3	3	122	6	124	1.57e-05	42.7
MPN_RS00125	Rv1938	29.487	78	54	1	58	134	57	134	6.38e-04	37.7
MPN_RS00130	Rv1007c	31.727	498	315	8	1	485	1	486	6.05e-85	269
MPN_RS00130	Rv1536	26.257	179	91	6	12	162	54	219	1.41e-09	57.4
MPN_RS00130	Rv2448c	30.714	140	71	6	6	121	38	175	4.50e-07	49.3
MPN_RS00130	Rv2448c	25.714	140	93	5	281	416	509	641	1.20e-06	48.1
MPN_RS00130	Rv0041	29.808	104	70	2	12	112	79	182	4.70e-04	39.7
MPN_RS00140	Rv0363c	32.407	324	162	14	7	275	11	332	1.36e-25	100
MPN_RS00145	Rv1112	43.553	349	187	5	2	350	3	341	6.25e-81	248
MPN_RS00145	Rv2440c	34.646	127	60	2	5	131	163	266	5.85e-17	79.0
MPN_RS00155	Rv1520	30.526	95	65	1	7	101	1	94	1.60e-08	52.0
MPN_RS00155	Rv1516c	27.368	95	68	1	8	102	10	103	3.82e-08	50.8
MPN_RS00155	Rv2957	29.565	115	69	5	6	115	24	131	3.01e-07	47.8
MPN_RS00160	Rv2534c	36.076	158	100	1	33	189	29	186	2.76e-31	109
MPN_RS00180	Rv3309c	40.594	202	120	0	5	206	6	207	6.94e-56	173
MPN_RS00180	Rv2030c	34.848	66	37	3	102	162	114	178	1.46e-04	38.9
MPN_RS00185	Rv2191	24.675	231	156	6	399	615	34	260	5.70e-08	53.9
MPN_RS00185	Rv1547	21.944	319	187	13	1023	1299	517	815	1.57e-04	43.1
MPN_RS00235	Rv2580c	34.458	415	256	9	1	406	4	411	2.16e-67	217
MPN_RS00240	Rv2572c	37.456	566	310	12	16	539	10	573	1.53e-122	370
MPN_RS00240	Rv3598c	25.498	251	172	7	27	266	62	308	3.58e-12	65.5
MPN_RS00240	Rv3598c	32.967	91	52	3	444	526	409	498	1.38e-06	47.8
MPN_RS00240	Rv1640c	27.111	225	147	7	18	230	718	937	1.49e-11	64.3
MPN_RS00240	Rv1640c	29.012	162	81	8	373	526	1032	1167	1.18e-09	58.2
MPN_RS00265	Rv3696c	42.690	513	276	6	4	507	13	516	9.12e-147	428
MPN_RS00265	Rv0729	26.364	110	77	1	351	460	299	404	3.89e-04	39.7
MPN_RS00305	Rv2397c	46.154	143	77	0	318	460	104	246	5.13e-40	145
MPN_RS00305	Rv2397c	40.594	101	59	1	5	105	3	102	3.18e-20	89.4
MPN_RS00305	Rv2038c	34.783	184	111	4	319	498	106	284	1.27e-30	119
MPN_RS00305	Rv2038c	43.750	80	45	0	26	105	24	103	8.32e-19	85.1
MPN_RS00305	Rv1238	39.355	155	93	1	319	472	105	259	1.63e-29	117
MPN_RS00305	Rv1238	46.939	98	52	0	7	104	4	101	1.05e-25	106
MPN_RS00305	Rv2832c	36.641	131	83	0	320	450	107	237	2.57e-26	107
MPN_RS00305	Rv2832c	45.238	84	46	0	22	105	20	103	6.60e-21	91.3
MPN_RS00305	Rv1859	38.281	128	78	1	343	470	133	259	1.24e-25	105
MPN_RS00305	Rv1859	34.118	85	50	1	25	103	16	100	1.81e-11	62.8
MPN_RS00305	Rv1281c	35.385	130	83	1	322	450	472	601	6.07e-23	99.8
MPN_RS00305	Rv1281c	24.691	162	119	1	293	451	96	257	1.28e-14	73.6
MPN_RS00305	Rv1281c	34.783	92	53	2	22	106	376	467	1.61e-05	44.3
MPN_RS00305	Rv3758c	39.370	127	75	2	332	456	118	244	4.16e-20	89.4
MPN_RS00305	Rv3758c	33.673	98	63	1	6	101	1	98	1.69e-11	62.8
MPN_RS00305	Rv3102c	39.130	115	63	2	25	132	21	135	2.46e-19	84.3
MPN_RS00305	Rv3102c	38.614	101	61	1	329	429	119	218	3.69e-17	77.8
MPN_RS00305	Rv0933	34.615	104	66	1	346	449	161	262	2.63e-15	73.2
MPN_RS00305	Rv3663c	34.343	99	65	0	346	444	429	527	3.30e-15	75.1
MPN_RS00305	Rv3663c	32.283	127	80	1	332	452	131	257	1.68e-10	60.5
MPN_RS00305	Rv3663c	34.286	70	42	1	6	71	8	77	4.99e-06	45.8
MPN_RS00305	Rv0655	37.838	111	68	1	298	408	114	223	4.80e-15	73.6
MPN_RS00305	Rv0655	38.462	104	58	2	7	105	28	130	1.95e-13	68.6
MPN_RS00305	Rv1458c	40.659	91	53	1	349	439	138	227	9.46e-14	69.3
MPN_RS00305	Rv1458c	34.848	66	42	1	5	70	10	74	1.19e-07	50.4
MPN_RS00305	Rv0194	35.165	91	54	2	349	438	471	557	1.68e-12	67.4
MPN_RS00305	Rv0194	34.524	84	52	2	22	103	958	1040	2.15e-10	60.5
MPN_RS00305	Rv0194	32.967	91	54	3	19	103	342	431	2.17e-08	53.9
MPN_RS00305	Rv0194	35.714	84	51	2	349	432	1080	1160	2.88e-06	47.0
MPN_RS00305	Rv0986	34.862	109	62	3	1	100	1	109	1.81e-12	64.3
MPN_RS00305	Rv0986	30.631	111	76	1	332	442	130	239	2.01e-10	58.2
MPN_RS00305	Rv2564	36.000	100	55	2	16	106	13	112	2.12e-11	62.4
MPN_RS00305	Rv2564	29.134	127	76	5	346	471	141	254	1.19e-06	47.4
MPN_RS00305	Rv2688c	32.381	105	70	1	332	436	130	233	5.43e-11	60.8
MPN_RS00305	Rv2688c	45.714	35	19	0	22	56	34	68	3.06e-04	39.7
MPN_RS00305	Rv1272c	32.000	125	75	4	7	128	397	514	7.88e-11	61.6
MPN_RS00305	Rv1349	35.052	97	59	3	7	100	332	427	1.16e-10	60.8
MPN_RS00305	Rv1349	31.395	86	56	2	347	432	468	550	3.28e-04	40.0
MPN_RS00305	Rv0073	35.556	90	52	2	23	106	23	112	1.77e-10	59.3
MPN_RS00305	Rv0073	35.897	78	42	4	346	420	141	213	7.16e-06	45.1
MPN_RS00305	Rv2936	29.703	101	69	2	2	100	3	103	7.68e-10	57.4
MPN_RS00305	Rv2936	37.681	69	42	1	350	418	142	209	3.17e-07	49.3
MPN_RS00305	Rv0820	27.000	100	65	2	356	449	156	253	2.48e-09	55.1
MPN_RS00305	Rv0820	34.375	96	52	4	20	105	17	111	1.70e-07	49.7
MPN_RS00305	Rv1348	26.984	189	112	7	16	191	619	794	5.69e-09	55.8
MPN_RS00305	Rv1348	27.381	84	58	2	349	432	746	826	1.75e-04	41.2
MPN_RS00305	Rv1687c	38.272	81	49	1	332	412	126	205	1.03e-08	53.1
MPN_RS00305	Rv1687c	29.268	82	57	1	21	102	31	111	3.42e-06	45.4
MPN_RS00305	Rv1218c	37.255	102	58	4	2	100	5	103	2.84e-08	52.4
MPN_RS00305	Rv1218c	29.703	101	70	1	350	450	137	236	8.79e-06	44.7
MPN_RS00305	Rv1747	28.099	121	86	1	316	436	421	540	2.68e-07	50.4
MPN_RS00305	Rv1747	29.592	98	66	2	7	102	319	415	6.61e-07	48.9
MPN_RS00305	Rv2326c	36.364	88	55	1	322	408	579	666	2.78e-07	50.1
MPN_RS00305	Rv2326c	30.303	66	42	1	7	68	477	542	4.41e-04	39.7
MPN_RS00305	Rv2326c	38.298	47	28	1	22	68	267	312	5.32e-04	39.7
MPN_RS00305	Rv3041c	33.333	84	55	1	349	431	161	244	3.00e-07	48.9
MPN_RS00305	Rv2477c	30.645	62	42	1	6	67	321	381	6.59e-07	48.9
MPN_RS00305	Rv2477c	24.812	133	85	3	21	148	19	141	2.61e-06	47.0
MPN_RS00305	Rv3781	30.088	113	76	3	321	432	130	240	9.00e-07	47.4
MPN_RS00305	Rv3781	35.294	68	42	1	22	87	52	119	1.28e-06	47.0
MPN_RS00305	Rv1473	36.709	79	45	2	349	426	453	527	3.73e-06	46.2
MPN_RS00305	Rv1473	46.429	56	27	2	11	65	340	393	5.27e-06	45.8
MPN_RS00305	Rv1473	42.857	49	27	1	27	75	23	70	9.77e-05	42.0
MPN_RS00305	Rv1273c	29.412	85	57	2	348	432	473	554	3.81e-06	46.6
MPN_RS00305	Rv1273c	29.703	101	67	3	6	103	334	433	2.00e-05	44.3
MPN_RS00305	Rv1621c	38.000	50	31	0	25	74	333	382	9.21e-06	45.1
MPN_RS00305	Rv1621c	30.275	109	60	4	327	424	419	522	1.26e-05	44.7
MPN_RS00305	Rv1463	34.328	67	38	2	23	85	26	90	3.91e-05	42.4
MPN_RS00305	Rv1620c	34.615	52	33	1	22	73	358	408	8.85e-05	42.0
MPN_RS00315	Rv2398c	26.887	212	136	8	71	266	51	259	9.90e-08	48.9
MPN_RS00315	Rv1237	25.658	152	101	3	70	217	62	205	6.22e-06	43.5
MPN_RS00315	Rv2399c	20.690	203	145	5	86	277	84	281	2.30e-05	42.0
MPN_RS00315	Rv1858	23.429	175	122	3	74	236	51	225	1.36e-04	39.3
MPN_RS00315	Rv2317	20.000	225	162	5	54	270	50	264	4.47e-04	37.7
MPN_RS00325	Rv3419c	34.783	322	174	12	7	306	4	311	1.38e-39	139
MPN_RS00330	Rv1392	38.346	399	211	11	13	379	8	403	6.05e-86	263
MPN_RS00335	Rv0201c	30.769	52	29	1	22	66	9	60	7.37e-05	36.2
MPN_RS00340	Rv2916c	38.318	428	250	6	1	418	1	424	8.84e-92	285
MPN_RS00340	Rv2921c	31.022	274	170	6	33	294	156	422	1.12e-22	96.7
MPN_RS00350	Rv0478	37.273	220	129	4	2	215	7	223	1.71e-28	104
MPN_RS00355	Rv3314c	35.222	406	237	7	5	404	10	395	1.17e-74	236
MPN_RS00360	Rv3315c	32.039	103	65	3	4	103	3	103	5.41e-13	58.9
MPN_RS00365	Rv3308	25.326	537	351	15	7	526	1	504	9.75e-43	157
MPN_RS00365	Rv3441c	26.027	292	190	8	90	378	46	314	3.35e-15	74.7
MPN_RS00365	Rv3068c	22.957	575	348	29	21	546	18	546	3.39e-07	49.7
MPN_RS00370	Rv0639	28.814	118	55	4	10	126	49	138	3.31e-06	44.3
MPN_RS00380	Rv0634B	29.167	48	33	1	1	47	7	54	3.35e-04	31.2
MPN_RS00390	Rv1003	29.710	276	176	9	8	275	10	275	1.12e-27	105
MPN_RS00400	Rv1017c	41.379	319	180	3	62	377	8	322	4.08e-79	243
MPN_RS00405	Rv1516c	23.188	138	102	4	2	137	8	143	1.13e-06	46.2
MPN_RS00405	Rv1520	22.069	145	108	4	3	144	1	143	9.90e-05	40.0
MPN_RS00440	Rv0986	38.356	219	133	1	231	447	6	224	1.11e-48	164
MPN_RS00440	Rv2397c	34.597	211	126	4	254	461	23	224	5.18e-37	136
MPN_RS00440	Rv2564	34.685	222	134	5	237	455	10	223	1.34e-35	131
MPN_RS00440	Rv0073	38.278	209	119	5	237	440	10	213	4.60e-34	127
MPN_RS00440	Rv3102c	35.979	189	117	3	246	432	14	200	3.78e-32	119
MPN_RS00440	Rv3758c	34.081	223	136	5	231	449	1	216	1.08e-26	107
MPN_RS00440	Rv1238	31.364	220	139	5	232	448	4	214	2.80e-26	107
MPN_RS00440	Rv2832c	32.836	201	120	5	254	448	24	215	5.03e-26	105
MPN_RS00440	Rv0655	29.949	197	134	2	241	434	33	228	7.81e-24	99.4
MPN_RS00440	Rv1859	30.144	209	123	4	254	447	17	217	1.87e-23	98.6
MPN_RS00440	Rv2038c	31.111	225	134	7	246	459	16	230	2.65e-23	97.8
MPN_RS00440	Rv1281c	31.532	222	136	7	240	447	14	233	1.36e-22	97.8
MPN_RS00440	Rv1281c	31.220	205	130	6	251	447	377	578	1.52e-19	88.2
MPN_RS00440	Rv1458c	31.390	223	136	7	226	445	5	213	2.72e-22	94.0
MPN_RS00440	Rv3663c	30.769	208	132	5	241	437	16	222	9.38e-21	91.7
MPN_RS00440	Rv3663c	29.918	244	157	8	216	447	269	510	3.03e-20	90.1
MPN_RS00440	Rv0933	31.557	244	140	12	241	465	27	262	5.75e-20	86.7
MPN_RS00440	Rv1349	31.696	224	135	7	232	447	332	545	1.38e-19	88.2
MPN_RS00440	Rv1687c	34.831	178	106	4	251	428	33	200	1.50e-18	82.0
MPN_RS00440	Rv1747	28.033	239	153	7	228	455	308	538	6.73e-17	80.5
MPN_RS00440	Rv2688c	29.384	211	126	7	250	452	34	229	1.87e-15	73.9
MPN_RS00440	Rv0194	27.984	243	134	11	224	447	326	546	8.43e-15	73.9
MPN_RS00440	Rv0194	29.224	219	134	9	238	447	949	1155	1.37e-14	73.2
MPN_RS00440	Rv2936	29.375	160	106	3	251	408	25	179	1.19e-14	71.6
MPN_RS00440	Rv3041c	29.302	215	130	8	227	429	17	221	2.42e-14	70.1
MPN_RS00440	Rv1272c	26.415	212	128	8	250	447	412	609	6.05e-14	70.9
MPN_RS00440	Rv0820	28.936	235	134	8	254	461	23	251	5.00e-13	65.9
MPN_RS00440	Rv1273c	26.531	294	160	10	192	447	274	549	1.14e-12	66.6
MPN_RS00440	Rv1473	31.868	182	99	6	250	429	350	508	2.97e-12	65.5
MPN_RS00440	Rv1473	27.027	222	126	8	253	442	21	238	1.53e-07	50.4
MPN_RS00440	Rv2477c	27.604	192	118	5	240	429	326	498	3.10e-12	65.5
MPN_RS00440	Rv2477c	26.437	261	133	9	229	453	3	240	7.49e-09	54.7
MPN_RS00440	Rv2326c	25.108	231	160	5	226	453	471	691	8.26e-12	64.3
MPN_RS00440	Rv2326c	27.586	203	116	5	251	444	268	448	4.05e-11	62.0
MPN_RS00440	Rv1621c	31.414	191	110	9	265	445	345	524	8.28e-12	63.9
MPN_RS00440	Rv1348	26.906	223	139	10	237	447	611	821	1.34e-11	63.5
MPN_RS00440	Rv1218c	25.888	197	133	6	232	428	10	193	1.41e-11	62.0
MPN_RS00440	Rv1463	22.170	212	146	7	231	428	3	209	6.69e-09	53.5
MPN_RS00440	Rv1819c	27.189	217	128	7	226	435	421	614	7.30e-09	54.7
MPN_RS00440	Rv1620c	29.016	193	105	9	254	429	363	540	2.61e-08	52.8
MPN_RS00440	Rv3781	22.277	202	135	5	251	448	53	236	9.87e-07	47.0
MPN_RS00445	Rv1449c	32.836	670	390	19	10	635	33	686	2.18e-100	318
MPN_RS00445	Rv2241	24.121	199	133	7	20	209	103	292	5.87e-05	43.1
MPN_RS00600	Rv1649	30.169	295	190	6	50	339	54	337	2.06e-42	147
MPN_RS00605	Rv1650	23.518	523	338	16	63	555	68	558	3.15e-30	124
MPN_RS00655	Rv1641	36.508	126	80	0	37	162	7	132	5.40e-23	88.6
MPN_RS00660	Rv1642	39.655	58	35	0	2	59	5	62	1.44e-07	40.4
MPN_RS00665	Rv1643	37.607	117	73	0	2	118	3	119	2.27e-23	85.1
MPN_RS00675	Rv2373c	51.515	66	32	0	6	71	3	68	5.09e-13	68.6
MPN_RS00675	Rv0352	48.438	64	32	1	6	68	9	72	2.75e-12	66.2
MPN_RS00695	Rv0005	41.555	669	338	10	2	628	9	666	5.57e-170	498
MPN_RS00700	Rv0006	33.018	739	468	12	13	733	20	749	3.95e-122	384
MPN_RS00705	Rv2374c	22.936	327	241	5	1	321	1	322	7.18e-23	94.7
MPN_RS00710	Rv1420	25.000	616	406	16	16	583	15	622	4.73e-46	169
MPN_RS00710	Rv2191	28.369	141	97	3	16	155	247	384	8.78e-12	64.7
MPN_RS00775	Rv2832c	55.797	138	61	0	342	479	114	251	1.71e-47	167
MPN_RS00775	Rv2832c	46.512	86	46	0	24	109	17	102	2.45e-21	92.8
MPN_RS00775	Rv1238	56.835	139	60	0	340	478	111	249	1.17e-46	166
MPN_RS00775	Rv1238	51.807	83	40	0	27	109	19	101	3.27e-23	99.0
MPN_RS00775	Rv2038c	41.423	239	117	7	348	573	120	348	5.10e-46	163
MPN_RS00775	Rv2038c	50.602	83	41	0	27	109	20	102	1.63e-21	93.2
MPN_RS00775	Rv2397c	48.148	108	56	0	359	466	130	237	1.49e-33	128
MPN_RS00775	Rv2397c	46.591	88	47	0	22	109	14	101	3.09e-23	98.2
MPN_RS00775	Rv3758c	38.889	126	75	2	342	465	113	238	2.22e-22	96.3
MPN_RS00775	Rv3758c	39.759	83	48	1	25	105	15	97	2.81e-13	68.6
MPN_RS00775	Rv3663c	35.606	132	80	2	341	467	408	539	3.68e-20	90.9
MPN_RS00775	Rv3663c	38.298	94	50	3	24	109	303	396	1.05e-09	57.8
MPN_RS00775	Rv3663c	26.515	132	87	1	361	482	151	282	6.86e-07	48.9
MPN_RS00775	Rv3663c	28.571	119	72	4	13	118	9	127	2.20e-06	47.4
MPN_RS00775	Rv1859	32.653	147	85	3	359	498	134	273	1.65e-18	84.3
MPN_RS00775	Rv1859	35.632	87	44	2	30	107	16	99	1.24e-11	63.2
MPN_RS00775	Rv1281c	33.077	130	83	1	341	466	473	602	1.40e-17	83.2
MPN_RS00775	Rv1281c	28.448	116	82	1	361	475	152	267	1.32e-09	57.8
MPN_RS00775	Rv1281c	25.957	235	149	8	22	237	371	599	1.38e-08	54.3
MPN_RS00775	Rv0073	38.532	109	57	3	13	111	4	112	6.01e-17	79.3
MPN_RS00775	Rv0073	35.227	88	51	3	350	435	130	213	1.83e-10	59.3
MPN_RS00775	Rv2564	39.175	97	53	1	28	118	23	119	4.41e-16	76.6
MPN_RS00775	Rv2564	30.631	111	75	2	344	454	124	232	1.47e-10	59.7
MPN_RS00775	Rv0986	41.379	87	45	1	28	108	26	112	3.11e-15	72.8
MPN_RS00775	Rv0986	27.273	121	80	2	344	457	127	246	4.87e-08	51.2
MPN_RS00775	Rv3102c	38.095	105	64	1	338	442	113	216	7.57e-15	71.2
MPN_RS00775	Rv3102c	36.364	88	51	1	27	109	18	105	2.40e-12	63.9
MPN_RS00775	Rv1458c	37.000	100	59	2	352	451	129	224	1.75e-14	71.6
MPN_RS00775	Rv1458c	27.174	92	66	1	7	97	6	97	1.18e-09	56.6
MPN_RS00775	Rv0655	33.036	112	70	2	12	118	27	138	3.25e-14	71.2
MPN_RS00775	Rv0655	32.075	106	71	1	359	464	159	263	3.11e-09	55.8
MPN_RS00775	Rv0933	30.508	118	80	1	357	474	157	272	2.04e-12	64.7
MPN_RS00775	Rv0933	25.743	101	60	3	17	106	26	122	1.54e-05	43.9
MPN_RS00775	Rv1349	34.513	113	67	4	13	119	332	443	2.23e-12	66.6
MPN_RS00775	Rv1349	30.769	130	71	4	322	451	444	554	3.24e-05	43.5
MPN_RS00775	Rv0194	29.032	93	63	1	360	452	467	556	2.20e-11	63.5
MPN_RS00775	Rv0194	31.724	145	79	7	340	470	1049	1187	4.03e-05	43.5
MPN_RS00775	Rv2936	32.558	86	57	1	23	107	20	105	2.48e-11	62.0
MPN_RS00775	Rv2936	29.545	176	105	6	345	516	119	279	5.92e-09	54.7
MPN_RS00775	Rv1218c	32.039	103	69	1	4	105	1	103	3.77e-11	61.2
MPN_RS00775	Rv1218c	24.615	130	87	2	359	478	131	259	3.80e-04	39.7
MPN_RS00775	Rv1687c	40.000	90	51	2	344	432	123	210	4.08e-10	57.8
MPN_RS00775	Rv1687c	27.723	101	72	1	7	107	12	111	3.42e-05	42.7
MPN_RS00775	Rv1747	26.946	167	116	5	289	451	376	540	1.08e-09	58.2
MPN_RS00775	Rv1747	31.395	86	58	1	23	107	330	415	2.45e-08	53.9
MPN_RS00775	Rv0820	38.272	81	45	2	371	451	156	231	1.06e-08	53.5
MPN_RS00775	Rv0820	29.524	105	61	3	13	106	5	107	1.55e-08	52.8
MPN_RS00775	Rv1273c	31.765	85	55	1	363	447	473	554	1.26e-08	54.3
MPN_RS00775	Rv2688c	31.959	97	59	3	358	451	141	233	1.18e-07	50.4
MPN_RS00775	Rv2688c	29.268	82	57	1	27	107	34	115	1.08e-05	44.3
MPN_RS00775	Rv1272c	27.957	93	64	1	362	454	532	621	3.86e-07	49.7
MPN_RS00775	Rv1272c	29.268	82	55	2	28	107	413	493	1.19e-05	45.1
MPN_RS00775	Rv2326c	35.385	65	42	0	359	423	602	666	8.78e-07	48.5
MPN_RS00775	Rv1473	33.333	75	46	1	357	431	446	516	2.97e-06	47.0
MPN_RS00775	Rv1473	27.619	105	63	4	328	423	124	224	2.82e-04	40.4
MPN_RS00775	Rv1473	37.500	48	30	0	26	73	17	64	0.001	38.9
MPN_RS00775	Rv1621c	35.000	80	49	2	30	107	333	411	3.93e-06	46.2
MPN_RS00775	Rv1621c	42.857	42	24	0	356	397	441	482	6.12e-04	39.3
MPN_RS00775	Rv1348	30.000	90	60	1	362	451	744	830	9.23e-06	45.4
MPN_RS00775	Rv3041c	28.846	104	73	1	344	446	141	244	2.04e-05	43.5
MPN_RS00775	Rv1819c	38.182	55	34	0	364	418	551	605	2.34e-04	40.8
MPN_RS00775	Rv2477c	28.571	49	35	0	23	71	16	64	6.80e-04	39.3
MPN_RS00775	Rv1463	36.923	65	35	2	30	90	28	90	0.001	38.1
MPN_RS00780	Rv2040c	26.797	306	179	14	34	319	17	297	5.90e-19	82.8
MPN_RS00780	Rv2316	23.207	237	167	5	30	266	13	234	3.01e-14	68.9
MPN_RS00780	Rv2835c	27.481	131	95	0	121	251	111	241	4.49e-12	62.8
MPN_RS00780	Rv1236	22.269	238	171	3	30	267	27	250	2.45e-08	51.6
MPN_RS00780	Rv2398c	25.234	214	137	6	30	242	9	200	6.14e-04	37.7
MPN_RS00785	Rv2039c	23.755	261	183	4	51	311	30	274	2.73e-18	80.5
MPN_RS00785	Rv2834c	26.230	244	155	8	81	319	52	275	2.61e-16	74.7
MPN_RS00785	Rv2317	21.771	271	193	7	42	310	15	268	2.31e-14	68.9
MPN_RS00805	Rv2837c	23.051	295	200	9	23	302	35	317	1.69e-14	70.1
MPN_RS00875	Rv2841c	23.739	337	217	6	23	351	15	319	4.83e-24	100
MPN_RS00885	Rv2839c	39.713	627	348	10	6	609	274	893	8.38e-137	418
MPN_RS00885	Rv1165	32.836	134	70	2	124	237	6	139	9.14e-14	71.2
MPN_RS00885	Rv2404c	27.586	174	101	3	126	280	57	224	3.76e-11	62.8
MPN_RS00885	Rv0684	30.882	136	63	3	126	237	18	146	3.15e-08	53.5
MPN_RS00885	Rv0685	33.333	126	62	4	127	232	18	141	2.02e-07	50.4
MPN_RS00885	Rv0120c	22.901	131	84	2	124	237	26	156	4.19e-05	43.5
MPN_RS00900	Rv2786c	25.649	308	178	11	5	265	26	329	2.37e-14	68.9
MPN_RS00905	Rv2366c	25.000	248	172	4	109	343	94	340	8.52e-24	99.8
MPN_RS00905	Rv1842c	21.469	354	260	4	14	349	10	363	6.61e-19	85.5
MPN_RS00905	Rv1841c	24.918	305	202	8	51	331	40	341	3.46e-15	73.2
MPN_RS00930	Rv0700	43.478	92	52	0	11	102	5	96	1.60e-23	84.0
MPN_RS00935	Rv0701	38.991	218	124	3	1	213	1	214	3.65e-49	159
MPN_RS00940	Rv0702	39.604	202	108	8	8	206	19	209	7.68e-35	120
MPN_RS00945	Rv0703	33.333	87	55	2	2	88	6	89	7.07e-07	43.5
MPN_RS00950	Rv0704	47.566	267	131	5	17	283	16	273	4.75e-72	220
MPN_RS00955	Rv0705	62.791	86	32	0	1	86	1	86	3.47e-36	115
MPN_RS00960	Rv0706	39.098	133	78	1	3	135	13	142	7.93e-19	76.3
MPN_RS00965	Rv0707	41.232	211	119	3	1	210	1	207	2.69e-51	166
MPN_RS00970	Rv0708	50.735	136	67	0	1	136	1	136	3.77e-42	133
MPN_RS00975	Rv0709	37.288	59	37	0	6	64	9	67	1.74e-05	37.4
MPN_RS00980	Rv0710	51.807	83	39	1	3	85	55	136	3.24e-22	80.9
MPN_RS00985	Rv0714	59.836	122	49	0	1	122	1	122	5.72e-44	137
MPN_RS00990	Rv0715	40.952	105	57	3	3	107	2	101	4.61e-20	75.5
MPN_RS00995	Rv0716	51.724	174	84	0	4	177	11	184	1.01e-67	202
MPN_RS01000	Rv0717	62.295	61	23	0	1	61	1	61	3.10e-24	82.8
MPN_RS01000	Rv2056c	46.154	52	26	1	12	61	50	101	9.06e-09	44.7
MPN_RS01005	Rv0718	46.154	130	68	1	13	142	5	132	2.77e-36	118
MPN_RS01010	Rv0719	41.209	182	103	3	1	181	1	179	9.31e-46	145
MPN_RS01015	Rv0720	41.026	117	64	3	3	116	8	122	9.61e-17	67.8
MPN_RS01020	Rv0721	43.312	157	89	0	63	219	39	195	5.20e-39	131
MPN_RS01025	Rv0723	32.450	151	93	6	1	149	3	146	5.55e-14	62.4
MPN_RS01030	Rv0732	33.933	445	255	11	23	444	9	437	2.87e-65	214
MPN_RS01035	Rv0733	30.890	191	93	4	4	189	2	158	1.74e-24	92.4
MPN_RS01040	Rv0734	30.317	221	146	3	34	247	45	264	2.33e-30	110
MPN_RS01040	Rv2861c	26.016	246	179	2	3	247	40	283	6.33e-29	107
MPN_RS01045	Rv3462c	48.571	70	35	1	9	77	2	71	4.80e-16	63.2
MPN_RS01050	Rv3461c	62.162	37	14	0	1	37	1	37	3.95e-11	47.8
MPN_RS01055	Rv3460c	57.025	121	51	1	1	120	1	121	2.66e-48	148
MPN_RS01060	Rv3459c	51.261	119	58	0	3	121	20	138	2.61e-37	120
MPN_RS01065	Rv3457c	39.610	308	169	3	21	326	17	309	3.04e-68	214
MPN_RS01070	Rv3456c	30.435	115	74	1	8	122	11	119	2.10e-14	63.2
MPN_RS01075	Rv2397c	32.258	217	142	4	19	233	14	227	1.21e-37	133
MPN_RS01075	Rv0986	31.111	225	145	4	5	220	2	225	5.74e-31	112
MPN_RS01075	Rv3663c	31.004	229	145	5	13	230	295	521	6.52e-30	114
MPN_RS01075	Rv3663c	30.332	211	122	7	11	202	10	214	8.41e-20	85.5
MPN_RS01075	Rv2832c	30.594	219	141	5	17	230	13	225	1.14e-29	112
MPN_RS01075	Rv1859	31.163	215	137	5	27	231	16	229	1.80e-29	111
MPN_RS01075	Rv1458c	26.829	246	145	5	12	243	14	238	4.33e-28	106
MPN_RS01075	Rv3102c	30.476	210	139	4	17	221	11	218	2.14e-27	103
MPN_RS01075	Rv2564	30.317	221	148	3	19	235	18	236	5.10e-27	104
MPN_RS01075	Rv1238	28.235	255	159	7	25	258	20	271	6.73e-26	102
MPN_RS01075	Rv0073	32.512	203	129	4	16	212	13	213	2.29e-25	99.8
MPN_RS01075	Rv2038c	27.193	228	159	5	8	231	2	226	2.34e-24	97.4
MPN_RS01075	Rv1348	25.941	239	157	5	2	229	602	831	2.61e-24	99.0
MPN_RS01075	Rv2688c	30.045	223	139	7	13	228	21	233	3.14e-24	96.3
MPN_RS01075	Rv0194	30.833	240	145	6	2	229	326	556	3.19e-24	99.0
MPN_RS01075	Rv0194	27.119	236	158	5	12	238	944	1174	2.49e-23	96.3
MPN_RS01075	Rv1281c	31.556	225	131	9	25	230	24	244	6.46e-24	97.8
MPN_RS01075	Rv1281c	30.317	221	147	5	18	231	370	590	2.92e-23	95.9
MPN_RS01075	Rv3758c	29.902	204	133	5	25	222	18	217	3.45e-23	94.4
MPN_RS01075	Rv1747	27.919	197	137	3	24	217	334	528	3.91e-23	95.9
MPN_RS01075	Rv1272c	29.565	230	141	5	12	229	399	619	2.83e-22	93.2
MPN_RS01075	Rv0933	27.830	212	138	7	40	239	52	260	3.99e-22	90.1
MPN_RS01075	Rv2326c	31.088	193	120	6	25	216	268	448	1.47e-20	88.2
MPN_RS01075	Rv2326c	27.638	199	130	6	25	219	497	685	1.05e-11	61.6
MPN_RS01075	Rv1273c	26.984	252	169	7	12	255	337	581	2.95e-20	87.0
MPN_RS01075	Rv0655	29.592	196	128	5	14	202	32	224	6.52e-20	85.1
MPN_RS01075	Rv1349	25.316	237	159	5	12	237	334	563	1.21e-19	85.1
MPN_RS01075	Rv1218c	25.877	228	153	6	1	223	1	217	7.30e-16	73.2
MPN_RS01075	Rv2936	25.352	213	133	6	5	204	3	202	1.20e-15	72.8
MPN_RS01075	Rv1621c	22.843	197	138	3	27	216	333	522	7.06e-15	71.2
MPN_RS01075	Rv1687c	26.087	184	128	3	25	208	33	208	1.40e-14	68.6
MPN_RS01075	Rv3781	24.020	204	128	4	25	221	53	236	1.47e-14	68.9
MPN_RS01075	Rv0820	24.895	237	155	7	15	231	10	243	1.60e-14	68.6
MPN_RS01075	Rv3041c	22.609	230	167	4	12	231	24	252	2.74e-13	65.5
MPN_RS01075	Rv1473	26.904	197	107	6	14	201	340	508	1.15e-12	64.3
MPN_RS01075	Rv1473	24.537	216	104	6	32	202	26	227	9.30e-09	52.8
MPN_RS01075	Rv2477c	28.649	185	115	6	18	201	330	498	1.08e-10	58.5
MPN_RS01075	Rv2477c	24.783	230	122	11	24	218	20	233	1.27e-06	46.2
MPN_RS01075	Rv1463	24.885	217	145	6	21	223	22	234	1.75e-09	53.9
MPN_RS01075	Rv1620c	24.336	226	142	10	15	223	349	562	2.70e-08	51.2
MPN_RS01075	Rv1819c	27.473	182	111	7	24	200	442	607	1.30e-06	46.2
MPN_RS01075	Rv1638	29.907	107	65	3	131	228	832	937	2.40e-05	42.4
MPN_RS01075	Rv1638	26.190	84	60	1	136	217	494	577	9.85e-05	40.4
MPN_RS01080	Rv0986	35.065	231	136	8	16	241	6	227	2.60e-31	114
MPN_RS01080	Rv3663c	32.800	250	145	9	14	248	279	520	3.04e-31	119
MPN_RS01080	Rv3663c	27.737	274	170	8	16	280	8	262	2.85e-12	63.9
MPN_RS01080	Rv1281c	33.333	225	140	5	29	248	369	588	3.12e-30	117
MPN_RS01080	Rv1281c	31.148	244	157	7	16	250	4	245	2.40e-23	97.1
MPN_RS01080	Rv2397c	34.259	216	126	6	37	248	20	223	1.43e-28	109
MPN_RS01080	Rv3102c	33.659	205	130	4	37	240	19	218	4.09e-27	103
MPN_RS01080	Rv1859	31.651	218	135	7	39	248	16	227	1.13e-26	104
MPN_RS01080	Rv2564	31.624	234	153	6	17	249	4	231	6.61e-26	102
MPN_RS01080	Rv0933	29.185	233	152	6	21	248	26	250	2.42e-24	96.7
MPN_RS01080	Rv3758c	28.767	219	141	6	24	236	3	212	1.07e-22	93.6
MPN_RS01080	Rv1747	28.125	256	143	9	11	236	284	528	3.30e-22	94.0
MPN_RS01080	Rv1458c	27.679	224	139	6	34	252	24	229	3.68e-20	85.9
MPN_RS01080	Rv0073	30.000	220	145	7	17	234	4	216	2.12e-19	84.0
MPN_RS01080	Rv2832c	26.337	243	157	6	33	268	17	244	6.37e-19	82.8
MPN_RS01080	Rv1238	28.507	221	144	7	37	254	20	229	7.84e-19	82.8
MPN_RS01080	Rv2936	26.396	197	137	3	33	229	21	209	1.27e-18	81.6
MPN_RS01080	Rv2688c	26.809	235	153	6	15	247	16	233	3.69e-18	80.1
MPN_RS01080	Rv0655	26.786	224	155	6	29	249	35	252	1.70e-16	75.9
MPN_RS01080	Rv2038c	24.681	235	165	5	37	269	21	245	2.19e-16	75.5
MPN_RS01080	Rv1272c	27.650	217	144	7	36	248	412	619	3.23e-16	75.9
MPN_RS01080	Rv1348	30.493	223	133	8	34	248	623	831	1.01e-15	74.3
MPN_RS01080	Rv3041c	25.431	232	150	8	21	242	26	244	4.15e-15	71.2
MPN_RS01080	Rv0194	29.148	223	143	8	31	248	344	556	6.57e-15	72.0
MPN_RS01080	Rv0194	28.287	251	148	11	33	267	955	1189	9.31e-15	71.6
MPN_RS01080	Rv2326c	28.505	214	138	4	26	238	486	685	6.57e-15	72.0
MPN_RS01080	Rv2326c	29.032	217	124	7	51	267	282	468	5.32e-12	63.2
MPN_RS01080	Rv1273c	26.339	224	149	7	33	250	348	561	1.69e-14	70.5
MPN_RS01080	Rv1349	27.982	218	142	7	36	248	348	555	1.29e-13	67.8
MPN_RS01080	Rv1218c	24.402	209	145	4	34	242	22	217	2.20e-12	63.5
MPN_RS01080	Rv1621c	28.796	191	117	7	47	231	341	518	1.44e-11	61.6
MPN_RS01080	Rv1687c	27.979	193	123	6	37	228	33	210	6.46e-11	58.5
MPN_RS01080	Rv1473	22.843	197	113	4	29	218	343	507	2.14e-08	52.0
MPN_RS01080	Rv1473	24.545	220	125	9	52	238	34	245	8.20e-05	40.8
MPN_RS01080	Rv0820	25.106	235	150	9	37	256	20	243	7.02e-08	49.7
MPN_RS01080	Rv1620c	24.479	192	115	7	52	228	373	549	9.11e-08	50.1
MPN_RS01080	Rv1463	24.545	220	151	6	32	242	21	234	1.09e-07	48.9
MPN_RS01080	Rv2477c	26.380	163	94	5	36	194	336	476	1.32e-07	49.3
MPN_RS01080	Rv2477c	23.932	234	155	7	29	246	12	238	1.34e-05	43.1
MPN_RS01080	Rv1638	27.481	131	78	6	130	249	471	595	2.00e-07	49.3
MPN_RS01080	Rv1638	33.333	93	58	2	144	233	826	917	1.81e-05	43.1
MPN_RS01080	Rv3781	23.267	202	124	7	52	247	68	244	3.16e-05	41.6
MPN_RS01080	Rv3000	27.966	118	64	3	33	136	17	127	4.22e-04	37.7
MPN_RS01090	Rv3455c	26.471	238	155	6	23	242	2	237	3.44e-18	78.2
MPN_RS01175	Rv2890c	38.938	226	131	4	17	239	3	224	2.06e-46	155
MPN_RS01180	Rv1997	31.783	774	433	15	2	718	26	761	9.78e-96	317
MPN_RS01180	Rv0107c	30.263	608	365	15	135	707	865	1448	1.65e-61	224
MPN_RS01180	Rv0425c	28.261	644	402	15	91	707	727	1337	2.99e-58	214
MPN_RS01180	Rv0908	27.031	640	398	13	88	713	74	658	1.10e-47	179
MPN_RS01180	Rv0969	25.725	517	303	11	128	641	275	713	4.39e-33	134
MPN_RS01180	Rv1030	23.709	523	330	14	127	641	137	598	1.23e-25	110
MPN_RS01180	Rv3270	34.722	144	73	3	488	630	530	653	4.50e-17	82.8
MPN_RS01180	Rv3270	26.786	224	138	7	126	349	229	426	2.98e-05	44.3
MPN_RS01180	Rv0092	27.717	184	112	3	482	665	552	714	3.46e-15	76.6
MPN_RS01180	Rv0092	22.685	216	149	4	128	343	258	455	4.26e-04	40.8
MPN_RS01180	Rv0103c	33.663	101	66	1	565	665	624	723	6.04e-13	69.3
MPN_RS01180	Rv0103c	24.828	290	184	7	84	364	216	480	7.26e-08	53.1
MPN_RS01180	Rv1469	28.947	266	153	13	84	339	116	355	9.38e-12	65.5
MPN_RS01180	Rv1469	34.211	76	30	2	516	591	492	547	3.21e-05	44.3
MPN_RS01180	Rv1992c	25.373	268	174	7	92	354	239	485	7.47e-10	59.3
MPN_RS01180	Rv1992c	28.662	157	91	2	482	638	567	702	1.51e-05	45.4
MPN_RS01180	Rv3743c	30.137	146	77	4	516	659	493	615	7.94e-10	59.3
MPN_RS01180	Rv3743c	24.113	282	170	9	84	351	109	360	1.47e-08	55.1
MPN_RS01185	Rv3240c	39.083	829	418	10	15	769	12	827	0.0	553
MPN_RS01185	Rv1821	37.077	650	380	10	31	654	56	702	2.42e-119	376
MPN_RS01190	Rv1633	44.331	688	335	6	11	653	7	691	0.0	561
MPN_RS01190	Rv3211	28.777	139	82	4	410	548	242	363	1.86e-08	53.9
MPN_RS01190	Rv2973c	23.938	259	151	10	322	561	409	640	3.24e-05	43.9
MPN_RS01210	Rv1283c	25.890	309	202	6	10	298	24	325	6.31e-32	120
MPN_RS01210	Rv3665c	30.000	290	173	8	15	296	39	306	1.54e-28	110
MPN_RS01210	Rv3664c	23.864	176	102	5	53	222	32	181	9.92e-05	40.4
MPN_RS01215	Rv1282c	29.114	237	144	8	152	376	64	288	2.99e-15	72.4
MPN_RS01215	Rv3664c	27.632	228	146	7	152	371	43	259	1.69e-10	58.2
MPN_RS01220	Rv1281c	32.764	351	198	2	21	370	4	317	2.65e-67	222
MPN_RS01220	Rv1281c	28.713	303	163	6	20	314	348	605	4.90e-40	148
MPN_RS01220	Rv3663c	33.000	300	157	3	21	319	8	264	1.24e-43	157
MPN_RS01220	Rv3663c	29.818	275	150	4	39	313	305	536	1.98e-34	131
MPN_RS01220	Rv2397c	21.190	269	159	7	44	312	23	238	1.34e-18	83.6
MPN_RS01220	Rv0933	35.043	117	74	1	196	312	151	265	1.45e-18	82.4
MPN_RS01220	Rv1859	23.346	257	154	5	44	300	17	230	9.28e-17	78.2
MPN_RS01220	Rv0986	24.627	268	154	6	21	288	6	225	3.57e-16	74.7
MPN_RS01220	Rv1238	22.867	293	168	7	19	311	3	237	7.63e-16	75.5
MPN_RS01220	Rv2564	24.893	233	128	5	22	254	4	189	1.49e-13	68.2
MPN_RS01220	Rv0655	23.438	256	149	4	44	299	46	254	3.60e-13	67.4
MPN_RS01220	Rv3102c	24.521	261	148	8	28	288	6	217	1.48e-12	63.9
MPN_RS01220	Rv3758c	29.545	132	89	3	174	304	104	232	3.93e-12	64.3
MPN_RS01220	Rv1218c	22.140	271	147	8	22	291	10	217	6.09e-12	63.2
MPN_RS01220	Rv2038c	20.896	268	159	6	44	311	24	238	6.31e-12	63.5
MPN_RS01220	Rv1747	22.348	264	151	8	22	285	319	528	1.51e-11	63.2
MPN_RS01220	Rv2832c	19.188	271	166	6	41	311	21	238	5.74e-11	60.5
MPN_RS01220	Rv2688c	22.593	270	142	7	24	288	18	225	1.88e-10	58.5
MPN_RS01220	Rv1348	23.810	273	150	10	28	297	614	831	1.47e-09	57.0
MPN_RS01220	Rv0820	23.611	288	163	8	22	300	5	244	3.50e-09	54.3
MPN_RS01220	Rv0073	39.062	64	39	0	200	263	135	198	3.65e-09	54.7
MPN_RS01220	Rv0073	28.302	106	65	3	22	124	4	101	4.81e-06	45.1
MPN_RS01220	Rv1463	23.630	292	161	10	21	299	3	245	1.39e-08	52.4
MPN_RS01220	Rv1273c	24.615	260	139	8	44	299	355	561	2.45e-08	52.8
MPN_RS01220	Rv0194	31.461	89	58	2	209	297	471	556	1.05e-07	51.2
MPN_RS01220	Rv0194	21.782	303	172	13	11	307	933	1176	5.39e-06	45.4
MPN_RS01220	Rv1687c	25.221	226	108	8	18	240	7	174	1.85e-07	48.9
MPN_RS01220	Rv1458c	25.547	137	88	3	189	315	121	253	1.92e-07	49.3
MPN_RS01220	Rv3041c	24.818	137	88	4	166	298	126	251	5.46e-07	47.8
MPN_RS01220	Rv1638	25.177	282	151	10	41	272	637	908	1.62e-06	47.4
MPN_RS01220	Rv1272c	22.180	266	152	10	28	291	401	613	2.11e-06	46.6
MPN_RS01220	Rv2326c	25.714	140	94	3	139	276	543	674	3.03e-06	46.2
MPN_RS01220	Rv2936	31.395	86	56	1	178	263	113	195	1.36e-05	43.5
MPN_RS01220	Rv3781	25.210	119	85	2	178	296	130	244	1.53e-05	43.1
MPN_RS01220	Rv1349	22.593	270	159	8	29	298	337	556	1.79e-04	40.4
MPN_RS01225	Rv1281c	51.562	128	62	0	666	793	478	605	8.33e-36	140
MPN_RS01225	Rv1281c	37.594	133	81	1	664	794	129	261	4.62e-24	104
MPN_RS01225	Rv1281c	37.234	94	57	1	28	121	374	465	1.48e-13	71.2
MPN_RS01225	Rv1281c	31.304	115	73	3	9	119	2	114	2.02e-08	54.7
MPN_RS01225	Rv3663c	46.825	126	67	0	667	792	411	536	7.56e-33	131
MPN_RS01225	Rv3663c	40.299	134	78	1	664	795	128	261	2.07e-20	92.8
MPN_RS01225	Rv3663c	32.759	116	70	3	10	121	7	118	4.44e-12	66.2
MPN_RS01225	Rv3663c	37.634	93	57	1	29	121	305	396	1.05e-11	65.1
MPN_RS01225	Rv2397c	32.331	133	89	1	663	795	111	242	1.10e-17	82.4
MPN_RS01225	Rv2397c	35.135	74	41	2	28	101	17	83	1.22e-05	45.1
MPN_RS01225	Rv1859	35.354	99	64	0	681	779	132	230	6.04e-16	77.4
MPN_RS01225	Rv1238	30.088	113	78	1	683	795	130	241	2.54e-15	75.9
MPN_RS01225	Rv1238	27.679	112	72	3	30	141	19	121	6.07e-05	43.1
MPN_RS01225	Rv0933	33.000	100	65	1	685	784	161	258	8.39e-15	72.4
MPN_RS01225	Rv2038c	28.333	120	85	1	683	802	131	249	4.17e-14	71.6
MPN_RS01225	Rv2038c	29.915	117	73	3	25	141	15	122	2.84e-05	43.9
MPN_RS01225	Rv3758c	40.698	86	49	2	664	748	112	196	3.08e-13	68.9
MPN_RS01225	Rv3102c	35.644	101	63	2	667	767	119	217	5.17e-13	66.2
MPN_RS01225	Rv3102c	36.986	73	44	1	30	102	18	88	1.01e-06	47.8
MPN_RS01225	Rv2832c	25.517	145	106	2	658	802	107	249	2.26e-12	66.2
MPN_RS01225	Rv2832c	27.083	96	55	2	11	102	1	85	2.48e-04	40.8
MPN_RS01225	Rv0655	32.381	105	70	1	663	767	140	243	3.29e-12	65.9
MPN_RS01225	Rv0194	35.185	108	65	4	688	795	471	573	1.21e-11	65.5
MPN_RS01225	Rv0194	33.673	98	61	3	688	785	1080	1173	3.54e-08	54.3
MPN_RS01225	Rv1458c	28.571	133	91	3	646	776	95	225	1.99e-11	62.8
MPN_RS01225	Rv0986	34.000	100	62	3	669	767	129	225	3.60e-11	61.2
MPN_RS01225	Rv0986	31.858	113	74	2	8	120	3	112	1.85e-08	53.1
MPN_RS01225	Rv1747	36.709	79	48	2	687	765	453	529	2.99e-09	57.4
MPN_RS01225	Rv1273c	36.667	90	54	2	688	777	474	560	3.49e-09	57.0
MPN_RS01225	Rv1348	36.667	90	54	2	688	777	746	832	5.02e-09	56.6
MPN_RS01225	Rv2688c	31.429	105	70	2	671	775	131	233	9.08e-09	54.7
MPN_RS01225	Rv2688c	40.323	62	30	1	20	74	17	78	4.80e-06	46.2
MPN_RS01225	Rv2326c	30.631	111	76	1	664	774	583	692	2.32e-08	54.3
MPN_RS01225	Rv1272c	32.967	91	58	2	687	777	533	620	3.02e-08	53.9
MPN_RS01225	Rv2564	32.979	94	61	2	658	751	115	206	5.08e-08	52.4
MPN_RS01225	Rv0073	38.806	67	40	1	685	751	141	206	7.97e-08	52.0
MPN_RS01225	Rv3041c	28.704	108	73	3	665	770	139	244	3.69e-07	49.7
MPN_RS01225	Rv1218c	31.818	88	59	1	688	775	136	222	6.89e-07	48.9
MPN_RS01225	Rv1218c	44.681	47	26	0	28	74	22	68	1.91e-05	44.3
MPN_RS01225	Rv1349	32.584	89	57	2	688	776	470	555	1.03e-06	48.9
MPN_RS01225	Rv0820	26.000	100	66	2	695	788	156	253	5.22e-06	45.8
MPN_RS01225	Rv1687c	31.325	83	55	2	664	746	120	200	2.34e-05	43.9
MPN_RS01225	Rv1819c	30.769	78	52	1	688	765	551	626	7.91e-05	43.1
MPN_RS01225	Rv3781	26.829	123	88	2	653	775	124	244	9.32e-05	42.0
MPN_RS01225	Rv1463	28.182	110	77	2	666	773	128	237	1.68e-04	41.2
MPN_RS01225	Rv2936	37.500	48	30	0	30	77	24	71	7.06e-04	39.3
MPN_RS01230	Rv0640	46.377	138	69	2	3	135	4	141	1.19e-35	117
MPN_RS01235	Rv0641	42.411	224	127	1	1	222	1	224	1.42e-49	159
MPN_RS01240	Rv1014c	37.126	167	102	1	6	169	6	172	1.85e-29	104
MPN_RS01255	Rv1614	26.738	187	96	7	1	180	3	155	5.19e-06	45.1
MPN_RS01260	Rv0682	62.044	137	39	1	1	137	1	124	3.14e-52	158
MPN_RS01265	Rv0683	53.247	154	72	0	2	155	3	156	3.19e-61	183
MPN_RS01270	Rv0684	58.140	688	280	4	6	685	9	696	0.0	805
MPN_RS01270	Rv0120c	33.333	696	435	8	11	685	24	711	3.29e-126	388
MPN_RS01270	Rv1165	41.781	146	78	2	10	150	3	146	1.78e-24	105
MPN_RS01270	Rv1165	28.272	191	120	5	304	478	219	408	6.30e-13	68.6
MPN_RS01270	Rv2404c	35.196	179	107	3	9	183	51	224	2.65e-23	101
MPN_RS01270	Rv2404c	24.194	248	153	8	248	481	197	423	1.16e-06	48.5
MPN_RS01270	Rv0685	32.308	130	83	4	12	138	14	141	4.69e-09	55.8
MPN_RS01270	Rv2839c	32.558	129	73	3	15	143	403	517	6.81e-09	55.8
MPN_RS01270	Rv1286	27.059	170	103	6	19	168	13	181	6.13e-05	43.1
MPN_RS01285	Rv0055	47.541	61	31	1	41	101	20	79	9.63e-13	55.8
MPN_RS01290	Rv0056	27.723	101	70	1	1	98	1	101	2.77e-08	47.0
MPN_RS01295	Rv0058	27.737	411	231	14	21	404	30	401	2.01e-36	140
MPN_RS01310	Rv2976c	32.420	219	137	8	16	231	14	224	1.92e-24	94.4
MPN_RS01320	Rv3011c	31.002	429	264	9	58	469	71	484	4.70e-49	172
MPN_RS01320	Rv3375	25.598	418	268	12	60	471	85	465	2.06e-28	114
MPN_RS01320	Rv2363	38.788	165	90	4	58	217	83	241	4.76e-16	77.0
MPN_RS01320	Rv3175	35.252	139	90	0	59	197	78	216	2.34e-14	72.0
MPN_RS01320	Rv2888c	32.468	154	103	1	61	213	75	228	6.64e-14	70.5
MPN_RS01320	Rv1263	25.397	441	254	18	57	476	70	456	8.42e-13	67.0
MPN_RS01325	Rv3009c	32.952	437	262	13	4	417	25	453	1.80e-67	221
MPN_RS01330	Rv3060c	34.247	73	46	2	9	79	12	84	2.57e-04	38.1
MPN_RS01335	Rv3913	36.513	304	176	6	15	309	14	309	1.56e-57	186
MPN_RS01360	Rv0429c	32.667	150	80	7	49	192	28	162	4.77e-12	59.7
MPN_RS01365	Rv1389	38.043	184	110	3	5	186	21	202	1.94e-39	130
MPN_RS01370	Rv0018c	26.695	236	147	9	9	240	10	223	2.54e-12	63.2
MPN_RS01375	Rv0014c	26.433	314	180	14	11	320	7	273	2.25e-22	95.9
MPN_RS01375	Rv2176	29.493	217	126	8	114	329	94	284	9.21e-21	90.1
MPN_RS01375	Rv0015c	25.197	254	153	6	3	256	1	217	3.61e-20	88.6
MPN_RS01375	Rv2088	27.308	260	141	13	1	256	1	216	2.63e-19	86.7
MPN_RS01375	Rv0410c	26.016	369	175	17	4	338	140	444	3.76e-16	77.0
MPN_RS01375	Rv1266c	27.700	213	124	8	100	305	71	260	3.09e-14	71.2
MPN_RS01375	Rv0931c	26.122	245	131	10	100	327	70	281	6.25e-14	70.1
MPN_RS01375	Rv3080c	26.568	271	163	10	51	320	50	285	6.50e-13	67.4
MPN_RS01375	Rv1743	26.852	216	121	9	100	305	71	259	1.03e-12	66.2
MPN_RS01375	Rv1746	32.450	151	81	6	114	259	87	221	1.95e-12	65.1
MPN_RS01375	Rv2914c	22.642	212	114	7	53	259	39	205	1.44e-08	53.1
MPN_RS01380	Rv3228	30.366	191	113	7	70	254	117	293	8.38e-18	79.0
MPN_RS01385	Rv0946c	21.600	375	257	9	75	420	148	514	1.41e-08	53.5
MPN_RS01390	Rv1408	31.579	190	118	6	17	197	18	204	1.37e-18	78.2
MPN_RS01395	Rv2572c	24.111	253	160	7	18	252	18	256	7.86e-15	73.6
MPN_RS01400	Rv2746c	37.383	107	64	2	64	170	65	168	1.36e-12	61.2
MPN_RS01405	Rv1901	39.073	151	88	4	9	157	279	427	2.90e-25	97.1
MPN_RS01420	Rv3784	27.445	317	197	11	7	316	2	292	1.21e-23	96.3
MPN_RS01420	Rv3464	27.386	241	141	11	7	237	2	218	3.49e-18	80.9
MPN_RS01420	Rv0112	23.284	335	221	10	7	332	2	309	1.00e-15	73.6
MPN_RS01420	Rv3634c	23.565	331	225	8	7	332	2	309	2.38e-12	63.5
MPN_RS01420	Rv1511	22.462	325	216	10	7	317	3	305	5.03e-12	62.8
MPN_RS01420	Rv1512	26.455	189	131	5	58	243	49	232	6.37e-10	56.2
MPN_RS01420	Rv0536	23.276	348	207	13	7	315	2	328	1.25e-07	49.7
MPN_RS01420	Rv1106c	22.892	249	159	6	6	244	15	240	2.14e-04	39.7
MPN_RS01425	Rv1218c	28.261	230	143	5	3	232	7	214	1.95e-18	83.2
MPN_RS01425	Rv1218c	23.333	240	158	7	324	561	7	222	5.53e-08	51.6
MPN_RS01425	Rv2564	26.702	191	120	3	26	211	26	201	5.21e-18	82.4
MPN_RS01425	Rv2397c	30.332	211	118	6	26	229	23	211	2.11e-17	80.9
MPN_RS01425	Rv2397c	23.318	223	131	6	348	557	23	218	1.77e-09	56.6
MPN_RS01425	Rv1238	28.571	231	143	7	8	234	6	218	2.80e-17	80.9
MPN_RS01425	Rv1859	26.636	214	136	6	24	229	15	215	3.93e-17	80.1
MPN_RS01425	Rv1859	24.167	240	147	9	348	570	17	238	2.42e-12	65.5
MPN_RS01425	Rv1281c	23.372	599	364	24	16	554	17	580	4.20e-17	81.6
MPN_RS01425	Rv1281c	23.377	231	150	9	18	235	372	588	1.93e-06	47.4
MPN_RS01425	Rv1281c	22.363	237	152	9	346	565	25	246	2.61e-04	40.4
MPN_RS01425	Rv0073	26.984	189	122	3	26	211	26	201	9.85e-17	78.6
MPN_RS01425	Rv1458c	24.569	232	151	4	2	232	8	216	1.56e-15	74.7
MPN_RS01425	Rv1458c	22.467	227	144	8	329	550	14	213	2.20e-08	52.8
MPN_RS01425	Rv0986	24.528	212	141	4	7	212	8	206	2.01e-15	73.2
MPN_RS01425	Rv0986	27.197	239	156	7	337	571	19	243	7.32e-12	62.8
MPN_RS01425	Rv2936	25.229	218	148	3	4	221	6	208	3.42e-15	73.9
MPN_RS01425	Rv2936	21.818	220	145	6	329	542	10	208	1.61e-05	43.9
MPN_RS01425	Rv3758c	24.797	246	155	9	9	249	5	225	1.06e-14	72.8
MPN_RS01425	Rv3758c	22.222	207	148	6	348	553	21	215	3.32e-05	43.1
MPN_RS01425	Rv1747	22.927	205	143	4	26	229	338	528	2.19e-14	73.2
MPN_RS01425	Rv1747	23.707	232	145	10	329	551	321	529	6.49e-08	52.4
MPN_RS01425	Rv2832c	26.699	206	134	6	25	229	23	212	7.21e-14	70.1
MPN_RS01425	Rv2832c	19.249	213	150	6	348	556	24	218	2.96e-04	40.0
MPN_RS01425	Rv1348	28.774	212	130	8	25	232	628	822	8.21e-14	71.2
MPN_RS01425	Rv1348	22.596	208	147	6	348	554	629	823	6.25e-07	49.3
MPN_RS01425	Rv2038c	25.217	230	153	5	1	229	1	212	1.29e-13	69.3
MPN_RS01425	Rv1349	24.171	211	145	6	9	217	335	532	2.03e-13	69.7
MPN_RS01425	Rv1621c	27.014	211	131	7	6	212	316	507	2.04e-13	69.7
MPN_RS01425	Rv3102c	22.330	206	145	3	8	211	4	196	3.76e-13	66.2
MPN_RS01425	Rv3663c	25.581	215	139	8	26	232	310	511	1.19e-11	63.9
MPN_RS01425	Rv3663c	26.050	238	135	11	347	565	309	524	2.26e-10	60.1
MPN_RS01425	Rv0194	22.222	225	164	4	335	559	340	553	2.72e-11	63.5
MPN_RS01425	Rv0194	25.225	222	148	8	14	232	950	1156	9.70e-09	55.1
MPN_RS01425	Rv0194	23.474	213	147	8	25	234	352	551	3.24e-06	47.0
MPN_RS01425	Rv0194	23.113	212	146	6	346	554	960	1157	4.68e-04	40.0
MPN_RS01425	Rv1687c	24.365	197	128	4	25	221	35	210	2.74e-11	61.2
MPN_RS01425	Rv1687c	23.116	199	127	5	348	545	36	209	9.24e-05	41.2
MPN_RS01425	Rv1272c	25.114	219	132	8	25	230	415	614	5.58e-11	62.0
MPN_RS01425	Rv0655	24.409	254	163	9	4	247	26	260	7.35e-11	60.8
MPN_RS01425	Rv0655	21.094	256	167	7	320	561	17	251	1.06e-07	50.8
MPN_RS01425	Rv2688c	25.121	207	136	6	26	232	38	225	1.09e-10	59.7
MPN_RS01425	Rv1273c	23.364	214	154	5	348	561	355	558	1.26e-09	57.8
MPN_RS01425	Rv1273c	23.474	213	146	7	25	234	354	552	7.93e-08	52.0
MPN_RS01425	Rv2477c	20.577	520	333	15	25	519	23	487	6.14e-09	55.5
MPN_RS01425	Rv2477c	22.642	212	132	7	1	211	317	497	7.48e-07	48.5
MPN_RS01425	Rv0933	21.759	216	146	6	26	232	40	241	1.14e-08	53.5
MPN_RS01425	Rv1473	23.404	188	108	6	26	211	354	507	2.29e-08	53.5
MPN_RS01425	Rv2326c	23.188	207	135	4	25	229	499	683	1.09e-07	51.6
MPN_RS01425	Rv0820	22.326	215	142	7	18	221	15	215	1.29e-06	47.0
MPN_RS01425	Rv1638	35.065	77	47	1	144	217	833	909	1.58e-06	47.8
MPN_RS01425	Rv1463	22.917	192	134	7	346	532	27	209	1.64e-05	43.5
MPN_RS01425	Rv3041c	22.388	201	130	7	348	537	40	225	0.001	38.1
MPN_RS01440	Rv3646c	30.952	756	412	28	5	692	20	733	1.01e-85	286
MPN_RS01450	Rv3914	37.363	91	56	1	13	102	20	110	1.13e-21	79.3
MPN_RS01450	Rv1471	36.275	102	65	0	1	102	1	102	8.07e-19	72.4
MPN_RS01450	Rv1470	27.451	102	74	0	1	102	1	102	1.49e-12	56.2
MPN_RS01450	Rv0816c	25.926	81	58	2	15	94	49	128	2.77e-07	42.7
MPN_RS01450	Rv3673c	26.786	56	41	0	17	72	113	168	4.73e-04	34.7
MPN_RS01455	Rv0505c	37.037	81	46	4	191	269	265	342	1.17e-05	43.1
MPN_RS01460	Rv3336c	36.628	344	195	5	3	340	8	334	6.27e-71	221
MPN_RS01470	Rv1695	22.222	243	171	6	22	255	64	297	1.47e-09	54.3
MPN_RS01510	Rv1262c	33.663	101	67	0	12	112	3	103	5.80e-20	77.4
MPN_RS01510	Rv2613c	28.889	90	61	3	27	114	72	160	2.69e-06	42.0
MPN_RS01510	Rv0759c	24.752	101	70	2	34	133	1	96	2.87e-04	35.4
MPN_RS01520	Rv3716c	32.558	43	29	0	35	77	39	81	1.10e-05	38.5
MPN_RS01530	Rv1640c	37.751	498	281	7	4	483	681	1167	2.10e-97	315
MPN_RS01530	Rv3598c	35.000	500	305	10	2	486	7	501	6.88e-83	262
MPN_RS01530	Rv2572c	27.485	171	112	6	118	283	93	256	2.41e-10	59.7
MPN_RS01530	Rv2572c	35.577	104	55	5	391	484	460	561	1.42e-06	47.4
MPN_RS01535	Rv3809c	30.673	401	239	14	14	398	7	384	2.77e-48	166
MPN_RS01535	Rv3083	47.500	40	19	2	15	52	5	44	6.43e-04	38.5
MPN_RS01540	Rv2404c	49.649	570	283	2	5	571	51	619	0.0	591
MPN_RS01540	Rv1165	26.443	537	284	17	7	478	4	494	3.61e-37	143
MPN_RS01540	Rv0684	32.919	161	97	5	5	161	12	165	1.14e-15	77.0
MPN_RS01540	Rv0684	24.510	204	118	8	185	374	307	488	5.87e-09	55.8
MPN_RS01540	Rv0684	28.000	125	77	4	364	477	561	683	5.01e-05	43.1
MPN_RS01540	Rv0685	26.246	301	187	12	8	284	14	303	5.84e-14	70.9
MPN_RS01540	Rv2839c	24.444	225	145	5	9	224	401	609	4.16e-13	69.3
MPN_RS01540	Rv1286	27.673	159	83	6	15	149	13	163	7.08e-07	48.9
MPN_RS01545	Rv2752c	31.028	564	368	13	4	562	4	551	1.40e-98	307
MPN_RS01545	Rv2260	30.952	84	45	2	22	105	17	87	0.001	37.7
MPN_RS01615	Rv1540	32.270	282	173	7	9	279	13	287	3.01e-35	126
MPN_RS01615	Rv3300c	26.496	234	148	8	47	273	59	275	2.24e-15	72.0
MPN_RS01615	Rv1711	25.532	235	139	7	12	243	15	216	1.80e-06	45.4
MPN_RS01645	Rv2523c	25.893	112	72	3	2	107	3	109	2.72e-06	40.4
MPN_RS01650	Rv2483c	31.429	140	89	4	64	201	304	438	4.93e-15	71.2
MPN_RS01650	Rv3816c	32.680	153	96	5	55	204	5	153	4.72e-14	67.0
MPN_RS01650	Rv3815c	30.822	146	94	4	61	204	12	152	6.61e-11	58.2
MPN_RS01650	Rv3814c	27.632	152	103	4	55	204	6	152	1.09e-08	51.6
MPN_RS01650	Rv2182c	26.582	79	55	1	126	204	79	154	7.85e-07	45.8
MPN_RS01650	Rv3026c	22.749	211	117	5	9	199	37	221	3.01e-06	44.3
MPN_RS01650	Rv0502	28.025	157	81	7	65	204	122	263	1.03e-04	40.0
MPN_RS01655	Rv2763c	32.759	116	67	3	1	112	1	109	3.67e-10	55.8
MPN_RS01655	Rv1709	22.581	124	96	0	160	283	22	145	1.71e-06	46.6
MPN_RS01660	Rv1710	28.448	116	82	1	71	186	74	188	4.80e-16	70.9
MPN_RS01665	Rv3010c	32.526	289	166	7	8	271	2	286	6.87e-39	137
MPN_RS01670	Rv1617	35.112	356	201	7	6	360	3	329	2.17e-60	203
MPN_RS01715	Rv1001	29.108	213	115	4	1	193	1	197	2.66e-19	82.8
MPN_RS01720	Rv1001	31.553	206	114	5	4	198	213	402	2.07e-24	95.9
MPN_RS01725	Rv1656	33.333	309	167	5	3	307	31	304	1.73e-49	164
MPN_RS01725	Rv1380	35.714	154	91	4	8	153	42	195	7.69e-20	85.1
MPN_RS01770	Rv2166c	30.081	123	86	0	1	123	1	123	1.61e-19	76.3
MPN_RS01775	Rv2165c	31.359	287	189	4	28	307	94	379	2.47e-37	134
MPN_RS01785	Rv2150c	28.421	190	126	3	47	227	34	222	1.00e-12	65.5
MPN_RS01800	Rv2764c	47.603	292	119	2	1	287	1	263	5.88e-102	296
MPN_RS01805	Rv2763c	30.178	169	95	7	1	157	1	158	1.65e-17	72.0
MPN_RS01810	Rv3048c	51.242	322	157	0	18	339	3	324	8.55e-124	355
MPN_RS01810	Rv1981c	47.335	319	168	0	21	339	4	322	4.39e-114	331
MPN_RS01815	Rv3052c	55.303	132	53	2	22	149	8	137	7.30e-46	144
MPN_RS01820	Rv3051c	58.611	691	275	5	32	721	13	693	0.0	849
MPN_RS01820	Rv0570	23.661	579	311	14	155	697	173	656	1.16e-38	149
MPN_RS01825	Rv2442c	36.082	97	59	1	2	95	5	101	9.50e-08	43.5
MPN_RS01835	Rv2441c	54.762	84	35	1	15	98	1	81	3.95e-26	90.1
MPN_RS01840	Rv0670	27.444	266	152	8	4	261	2	234	4.91e-18	78.6
MPN_RS01855	Rv2462c	22.830	311	203	10	32	331	29	313	1.88e-16	78.2
MPN_RS01860	Rv3596c	28.906	128	76	7	375	496	549	667	8.53e-04	39.7
MPN_RS01870	Rv1218c	30.317	221	137	6	7	222	10	218	4.57e-26	102
MPN_RS01870	Rv2397c	28.718	195	136	2	25	217	20	213	1.14e-20	88.2
MPN_RS01870	Rv1687c	27.807	187	130	2	21	207	29	210	1.41e-20	86.3
MPN_RS01870	Rv1238	27.551	196	133	4	25	215	20	211	6.06e-19	83.6
MPN_RS01870	Rv1859	23.511	319	210	10	27	324	16	321	2.60e-18	81.6
MPN_RS01870	Rv0986	23.789	227	162	5	1	218	1	225	2.01e-17	77.4
MPN_RS01870	Rv1281c	22.047	254	164	6	3	230	1	246	1.38e-16	77.4
MPN_RS01870	Rv1281c	18.939	264	191	6	6	246	349	612	2.71e-09	55.1
MPN_RS01870	Rv2936	24.878	205	146	4	7	207	8	208	7.52e-16	73.9
MPN_RS01870	Rv2688c	26.866	201	130	8	25	218	35	225	4.09e-15	71.6
MPN_RS01870	Rv2038c	23.316	193	145	2	25	215	21	212	5.79e-15	71.6
MPN_RS01870	Rv3102c	23.232	198	144	4	6	197	1	196	4.12e-14	67.8
MPN_RS01870	Rv1747	27.570	214	141	9	24	228	334	542	5.55e-14	69.7
MPN_RS01870	Rv2832c	23.316	193	145	2	25	215	21	212	1.16e-13	67.8
MPN_RS01870	Rv3758c	27.513	189	131	5	35	218	28	215	2.32e-13	67.0
MPN_RS01870	Rv1458c	25.792	221	114	7	36	231	38	233	3.06e-13	66.2
MPN_RS01870	Rv0655	23.938	259	168	7	7	253	28	269	7.05e-13	65.5
MPN_RS01870	Rv2564	24.176	182	130	3	23	197	21	201	8.62e-13	65.1
MPN_RS01870	Rv1621c	25.714	210	131	6	2	197	308	506	1.45e-12	65.1
MPN_RS01870	Rv3663c	21.121	232	160	5	13	226	293	519	4.08e-12	63.5
MPN_RS01870	Rv3663c	25.778	225	132	8	1	200	1	215	7.18e-10	56.6
MPN_RS01870	Rv0073	26.630	184	123	5	23	197	21	201	5.78e-12	62.4
MPN_RS01870	Rv1272c	23.581	229	149	8	7	221	397	613	2.04e-11	61.6
MPN_RS01870	Rv3041c	25.258	194	128	5	20	198	31	222	2.50e-10	57.4
MPN_RS01870	Rv0933	21.145	227	157	7	16	226	29	249	4.69e-09	53.5
MPN_RS01870	Rv1349	21.918	219	143	9	24	226	348	554	5.13e-09	54.3
MPN_RS01870	Rv0194	22.018	218	144	5	16	218	341	547	2.07e-08	52.4
MPN_RS01870	Rv0194	22.170	212	139	4	25	221	959	1159	4.12e-06	45.4
MPN_RS01870	Rv2326c	22.897	214	134	5	6	206	479	674	1.12e-07	50.1
MPN_RS01870	Rv1473	24.000	200	120	8	4	197	334	507	3.73e-07	48.1
MPN_RS01870	Rv3781	21.359	206	148	5	25	228	53	246	1.82e-06	45.4
MPN_RS01870	Rv1463	22.699	163	105	6	24	170	25	182	2.80e-06	45.1
MPN_RS01870	Rv1620c	23.171	164	111	6	28	180	361	520	3.34e-06	45.4
MPN_RS01870	Rv0820	24.500	200	130	7	25	207	20	215	3.85e-06	44.3
MPN_RS01870	Rv2477c	23.757	181	101	6	6	173	321	477	1.63e-05	43.1
MPN_RS01880	Rv2421c	29.452	146	98	2	8	152	1	142	3.67e-18	79.0
MPN_RS01900	Rv0949	30.435	391	242	8	1	374	20	397	3.01e-47	172
MPN_RS01900	Rv0949	38.182	110	49	5	381	484	593	689	9.12e-11	61.2
MPN_RS01900	Rv3198c	23.990	396	258	7	4	374	12	389	6.33e-21	93.2
MPN_RS01900	Rv3198c	38.636	88	50	2	381	464	496	583	1.56e-09	57.4
MPN_RS01900	Rv3201c	24.413	426	260	14	7	374	27	448	1.39e-19	89.7
MPN_RS01900	Rv3202c	23.544	412	244	17	1	358	1	395	1.13e-14	73.9
MPN_RS01900	Rv0630c	22.872	376	219	11	18	340	16	373	4.06e-11	62.4
MPN_RS01905	Rv0949	26.227	774	475	28	9	712	23	770	2.49e-54	196
MPN_RS01905	Rv3198c	23.421	649	398	20	9	631	12	587	1.32e-33	134
MPN_RS01905	Rv3201c	23.140	484	286	18	10	428	25	487	1.05e-22	100
MPN_RS01905	Rv0630c	30.400	125	82	3	183	306	217	337	7.45e-11	62.4
MPN_RS01910	Rv2756c	23.993	571	329	25	16	533	22	540	8.56e-34	131
MPN_RS01970	Rv2703	50.000	238	112	3	248	485	291	521	1.22e-73	239
MPN_RS01970	Rv2710	44.583	240	126	3	248	487	86	318	1.14e-64	209
MPN_RS01970	Rv3286c	26.809	235	149	7	250	479	41	257	2.56e-15	72.8
MPN_RS01975	Rv2343c	24.619	459	300	16	10	447	13	446	3.51e-22	97.8
MPN_RS01980	Rv2357c	39.427	454	250	10	8	442	10	457	2.01e-110	330
MPN_RS01985	Rv3579c	25.896	251	161	8	1	237	61	300	7.78e-18	78.2
MPN_RS01985	Rv0881	28.966	145	101	1	96	238	131	275	2.10e-16	73.6
MPN_RS01985	Rv1644	29.927	137	96	0	102	238	115	251	2.58e-15	70.1
MPN_RS01990	Rv3580c	32.071	396	254	8	7	394	6	394	2.44e-58	195
MPN_RS01990	Rv2130c	28.571	399	243	15	6	376	17	401	2.53e-42	151
MPN_RS01995	Rv3014c	35.503	676	394	16	6	654	16	676	8.04e-131	398
MPN_RS02025	Rv1298	29.851	67	46	1	1	67	1	66	1.42e-08	45.1
MPN_RS02030	Rv1299	37.607	351	202	4	15	354	10	354	2.69e-78	241
MPN_RS02030	Rv3105c	30.484	351	224	8	8	344	23	367	3.44e-40	142
MPN_RS02035	Rv1300	28.834	163	107	3	67	220	86	248	3.77e-17	79.0
MPN_RS02130	Rv1547	33.989	559	343	7	243	779	314	868	1.94e-95	322
MPN_RS02130	Rv1547	34.328	67	43	1	2	67	10	76	2.33e-05	45.1
MPN_RS02130	Rv3370c	31.952	579	363	13	266	836	354	909	4.73e-80	277
MPN_RS02130	Rv3370c	31.250	96	58	3	2	89	46	141	2.63e-06	48.1
MPN_RS02135	Rv1629	33.099	284	187	2	5	288	18	298	2.85e-42	151
MPN_RS02135	Rv2090	26.230	305	193	10	5	283	81	379	7.51e-21	88.6
MPN_RS02140	Rv2924c	28.920	287	188	5	1	274	1	284	6.37e-41	140
MPN_RS02140	Rv2464c	24.675	154	106	3	127	274	118	267	1.99e-17	77.0
MPN_RS02140	Rv0944	30.714	140	90	3	135	274	10	142	3.47e-13	63.2
MPN_RS02140	Rv3297	23.077	221	152	7	57	274	49	254	6.70e-12	61.2
MPN_RS02145	Rv3813c	21.886	297	196	12	1	288	1	270	4.67e-07	47.0
MPN_RS02155	Rv3813c	22.968	283	201	6	1	278	1	271	3.28e-08	50.4
MPN_RS02160	Rv0041	35.138	905	437	18	31	790	70	969	1.19e-167	507
MPN_RS02160	Rv2448c	22.121	660	333	22	27	617	31	578	1.16e-20	94.4
MPN_RS02160	Rv1536	22.423	388	229	14	30	389	44	387	5.83e-09	56.6
MPN_RS02160	Rv1536	27.778	198	122	7	404	597	467	647	1.72e-08	55.1
MPN_RS02160	Rv1007c	32.075	106	64	3	508	613	246	343	1.58e-08	54.7
MPN_RS02160	Rv1007c	22.222	180	126	5	32	206	4	174	1.79e-04	41.6
MPN_RS02195	Rv0462	31.263	467	301	9	2	456	3	461	7.13e-62	205
MPN_RS02195	Rv2713	30.635	457	289	9	2	442	3	447	7.58e-56	189
MPN_RS02195	Rv2855	26.237	465	305	13	2	444	3	451	3.02e-42	152
MPN_RS02195	Rv3303c	26.327	471	318	10	1	450	1	463	3.39e-39	144
MPN_RS02195	Rv0794c	25.934	482	298	12	2	443	21	483	1.97e-36	137
MPN_RS02195	Rv3913	21.338	314	192	10	4	303	16	288	1.19e-11	62.8
MPN_RS02195	Rv0688	27.273	220	141	9	133	346	115	321	9.30e-10	57.0
MPN_RS02195	Rv3537	36.364	77	45	2	3	75	6	82	1.63e-05	43.9
MPN_RS02195	Rv1869c	27.320	194	128	8	119	303	91	280	3.63e-05	42.7
MPN_RS02200	Rv2495c	29.157	415	247	7	3	399	8	393	1.53e-36	134
MPN_RS02200	Rv2215	36.449	214	128	3	190	395	331	544	4.25e-28	112
MPN_RS02200	Rv2215	46.939	98	52	0	1	98	1	98	5.91e-14	70.1
MPN_RS02200	Rv1248c	29.231	260	153	9	155	397	90	335	2.74e-14	71.6
MPN_RS02200	Rv0973c	31.148	61	42	0	17	77	595	655	2.98e-04	39.7
MPN_RS02205	Rv2496c	37.931	319	196	2	10	327	29	346	1.12e-75	233
MPN_RS02210	Rv2497c	35.093	322	209	0	32	353	39	360	2.45e-67	213
MPN_RS02210	Rv0843	24.150	294	208	7	35	317	14	303	9.95e-12	62.0
MPN_RS02210	Rv1248c	20.359	167	129	2	157	319	642	808	9.02e-05	41.2
MPN_RS02215	Rv0462	27.778	270	176	8	178	443	182	436	5.56e-13	67.4
MPN_RS02215	Rv0688	21.923	260	171	7	81	340	93	320	2.90e-06	46.2
MPN_RS02215	Rv2855	23.077	273	164	8	168	422	173	417	3.40e-05	42.7
MPN_RS02215	Rv1869c	27.168	173	120	4	168	339	147	314	8.67e-04	38.5
MPN_RS02220	Rv2584c	35.526	152	94	3	17	167	66	214	1.66e-21	84.7
MPN_RS02230	Rv2583c	37.048	332	200	4	37	367	80	403	2.90e-63	223
MPN_RS02275	Rv1080c	33.846	130	78	4	7	132	8	133	3.39e-16	68.6
MPN_RS02365	Rv0986	30.000	210	134	3	20	225	25	225	1.28e-26	100
MPN_RS02365	Rv1687c	26.291	213	141	4	2	214	14	210	1.49e-23	92.8
MPN_RS02365	Rv2038c	27.354	223	142	5	8	224	6	214	2.77e-23	93.6
MPN_RS02365	Rv2564	30.275	218	137	5	6	219	9	215	4.19e-23	92.8
MPN_RS02365	Rv3102c	27.468	233	147	5	5	228	1	220	7.01e-22	87.4
MPN_RS02365	Rv3758c	29.717	212	139	4	5	214	1	204	1.62e-21	89.0
MPN_RS02365	Rv1349	24.082	245	155	6	2	233	328	554	7.84e-20	85.1
MPN_RS02365	Rv0073	28.986	207	125	5	21	219	23	215	1.96e-19	82.8
MPN_RS02365	Rv1859	25.481	208	137	3	23	221	16	214	3.30e-19	82.4
MPN_RS02365	Rv1238	26.267	217	145	3	6	219	4	208	6.17e-19	81.6
MPN_RS02365	Rv2832c	24.107	224	148	4	8	224	6	214	1.94e-18	80.1
MPN_RS02365	Rv2397c	26.389	216	145	3	6	219	5	208	2.17e-18	80.1
MPN_RS02365	Rv3041c	27.053	207	137	5	8	207	24	223	8.42e-18	77.4
MPN_RS02365	Rv0655	26.442	208	143	2	22	226	44	244	1.73e-17	77.4
MPN_RS02365	Rv1747	27.941	204	131	8	20	219	334	525	4.53e-17	77.0
MPN_RS02365	Rv2688c	26.106	226	146	8	11	231	23	232	1.04e-16	74.7
MPN_RS02365	Rv0933	28.326	233	147	6	11	233	27	249	4.91e-16	72.4
MPN_RS02365	Rv2936	27.692	195	131	3	21	215	25	209	7.63e-16	72.4
MPN_RS02365	Rv1621c	25.581	215	147	4	5	217	315	518	2.44e-14	68.9
MPN_RS02365	Rv1272c	22.747	233	144	10	8	225	399	610	2.90e-14	68.6
MPN_RS02365	Rv3663c	21.801	211	141	7	18	214	22	222	6.77e-14	67.4
MPN_RS02365	Rv3663c	21.622	222	156	7	21	233	307	519	9.66e-14	67.0
MPN_RS02365	Rv1281c	22.131	244	168	8	11	239	12	248	1.14e-13	67.0
MPN_RS02365	Rv1281c	23.394	218	152	7	21	232	377	585	2.85e-12	62.8
MPN_RS02365	Rv1348	22.511	231	150	6	6	225	610	822	4.89e-13	65.1
MPN_RS02365	Rv1458c	23.504	234	158	5	5	235	11	226	8.22e-13	63.5
MPN_RS02365	Rv0194	23.237	241	154	6	6	233	942	1164	1.71e-12	63.5
MPN_RS02365	Rv0194	23.577	246	139	9	6	230	334	551	4.14e-10	56.6
MPN_RS02365	Rv1473	24.201	219	123	6	22	208	20	227	2.95e-11	59.7
MPN_RS02365	Rv1473	21.287	202	128	5	6	205	336	508	2.19e-08	51.2
MPN_RS02365	Rv1273c	21.459	233	161	7	2	225	331	550	1.19e-10	57.8
MPN_RS02365	Rv1463	22.564	195	133	5	19	204	24	209	4.38e-10	55.5
MPN_RS02365	Rv1620c	23.232	198	122	6	22	204	357	539	5.08e-10	55.8
MPN_RS02365	Rv2326c	24.561	228	143	9	1	222	245	449	1.99e-09	54.3
MPN_RS02365	Rv2326c	22.330	206	141	3	21	224	497	685	1.40e-08	51.6
MPN_RS02365	Rv2477c	21.739	230	135	7	3	221	319	514	1.10e-08	52.0
MPN_RS02365	Rv2477c	21.918	219	143	6	20	219	20	229	3.59e-04	38.1
MPN_RS02365	Rv0820	26.126	222	132	7	11	215	10	216	6.13e-07	46.2
MPN_RS02365	Rv1218c	22.043	186	126	6	21	204	25	193	8.53e-07	45.8
MPN_RS02365	Rv1638	37.662	77	43	3	146	219	843	917	1.05e-05	43.1
MPN_RS02375	Rv2554c	26.471	136	94	3	5	137	25	157	1.04e-05	40.0
MPN_RS02380	Rv2555c	34.694	735	422	20	5	701	3	717	2.53e-119	382
MPN_RS02385	Rv3842c	29.940	167	103	4	7	160	14	179	2.07e-16	73.6
MPN_RS02385	Rv0317c	39.216	51	30	1	5	54	9	59	4.48e-05	40.4
MPN_RS02395	Rv3024c	31.638	354	218	11	6	353	3	338	7.25e-38	136
MPN_RS02410	Rv2921c	46.535	202	104	3	132	332	219	417	2.93e-47	162
MPN_RS02410	Rv2916c	30.870	230	143	4	128	347	92	315	1.85e-23	98.2
MPN_RS02415	Rv2922c	38.835	206	125	1	2	207	1	205	4.25e-40	157
MPN_RS02415	Rv2922c	33.953	215	142	0	752	966	975	1189	1.01e-35	144
MPN_RS02420	Rv3813c	25.000	256	168	9	15	263	11	249	6.35e-17	75.9
MPN_RS02425	Rv0408	35.806	310	181	7	20	317	381	684	1.65e-46	164
MPN_RS02430	Rv1437	40.482	415	229	10	1	409	3	405	2.28e-83	258
MPN_RS02435	Rv1436	52.493	341	146	6	7	336	2	337	3.30e-116	337
MPN_RS02445	Rv0986	27.826	230	151	7	98	320	4	225	1.34e-18	81.3
MPN_RS02445	Rv1859	24.771	218	143	5	125	330	20	228	1.36e-16	77.4
MPN_RS02445	Rv3102c	27.523	218	137	7	112	320	12	217	4.95e-16	73.6
MPN_RS02445	Rv0933	25.114	219	157	4	118	331	36	252	8.21e-16	73.9
MPN_RS02445	Rv2564	27.189	217	148	6	108	319	9	220	9.79e-15	71.2
MPN_RS02445	Rv1348	25.837	209	142	5	118	322	625	824	2.44e-14	71.6
MPN_RS02445	Rv1281c	25.541	231	151	7	119	334	24	248	4.66e-14	70.5
MPN_RS02445	Rv1281c	26.699	206	136	5	134	331	392	590	1.14e-11	63.2
MPN_RS02445	Rv2397c	28.095	210	134	6	126	330	27	224	5.29e-14	69.3
MPN_RS02445	Rv3758c	27.000	200	136	5	113	309	12	204	2.12e-13	67.8
MPN_RS02445	Rv3663c	28.448	232	136	9	134	354	322	534	1.03e-12	66.2
MPN_RS02445	Rv3663c	25.758	198	130	6	125	310	31	223	1.09e-05	44.3
MPN_RS02445	Rv1458c	25.105	239	139	6	119	343	27	239	1.29e-12	64.7
MPN_RS02445	Rv3041c	25.592	211	139	6	103	304	24	225	1.49e-11	61.2
MPN_RS02445	Rv1747	27.885	208	129	8	118	317	334	528	2.51e-11	62.0
MPN_RS02445	Rv0073	25.822	213	148	6	107	314	8	215	1.25e-10	58.9
MPN_RS02445	Rv1473	30.052	193	93	8	117	300	349	508	4.08e-10	58.2
MPN_RS02445	Rv1473	24.324	222	138	7	126	319	26	245	1.62e-04	40.4
MPN_RS02445	Rv2477c	27.064	218	131	5	105	316	319	514	9.27e-10	57.0
MPN_RS02445	Rv2477c	24.424	217	145	6	118	318	20	233	8.51e-05	41.2
MPN_RS02445	Rv1621c	21.459	233	153	6	78	299	293	506	9.46e-10	57.0
MPN_RS02445	Rv1272c	22.881	236	146	7	118	340	412	624	1.29e-09	56.6
MPN_RS02445	Rv1687c	28.723	188	111	8	90	274	7	174	1.96e-09	54.7
MPN_RS02445	Rv2038c	25.806	217	132	7	126	331	28	226	2.49e-09	55.1
MPN_RS02445	Rv0194	27.805	205	126	5	126	321	966	1157	1.19e-08	53.9
MPN_RS02445	Rv0194	30.120	83	53	2	241	321	469	548	3.87e-05	42.7
MPN_RS02445	Rv0655	23.913	230	110	8	114	311	38	234	1.57e-08	52.8
MPN_RS02445	Rv2326c	28.358	201	128	4	119	317	497	683	4.12e-08	52.0
MPN_RS02445	Rv2326c	29.185	233	136	9	114	345	262	466	8.00e-07	47.8
MPN_RS02445	Rv2936	26.163	172	103	5	116	278	20	176	4.20e-08	51.2
MPN_RS02445	Rv0820	26.106	226	152	6	119	331	20	243	4.28e-08	50.8
MPN_RS02445	Rv1238	21.951	205	141	6	119	317	20	211	7.36e-08	50.8
MPN_RS02445	Rv1349	22.624	221	159	5	114	330	344	556	8.08e-08	50.8
MPN_RS02445	Rv2832c	22.685	216	130	7	119	325	21	208	1.03e-07	50.1
MPN_RS02445	Rv1273c	22.488	209	147	6	118	320	351	550	4.85e-07	48.5
MPN_RS02445	Rv1620c	26.380	163	99	6	121	274	360	510	2.48e-06	46.2
MPN_RS02445	Rv1218c	24.481	241	152	10	125	358	31	248	3.87e-06	45.1
MPN_RS02445	Rv1638	30.208	96	63	3	225	317	483	577	3.59e-05	42.7
MPN_RS02450	Rv2397c	32.367	207	134	4	18	220	19	223	1.06e-20	87.0
MPN_RS02450	Rv2326c	29.851	201	127	4	9	206	258	447	3.61e-19	84.0
MPN_RS02450	Rv2326c	30.978	184	119	5	15	196	493	670	4.40e-13	65.9
MPN_RS02450	Rv0986	30.088	226	137	5	1	211	6	225	6.75e-19	80.5
MPN_RS02450	Rv2688c	30.631	222	140	7	1	216	17	230	3.24e-17	76.6
MPN_RS02450	Rv2038c	24.658	219	153	4	11	222	13	226	1.29e-16	75.5
MPN_RS02450	Rv1747	30.612	196	128	6	19	208	335	528	2.22e-16	75.9
MPN_RS02450	Rv1859	28.910	211	133	9	22	218	17	224	4.57e-16	73.9
MPN_RS02450	Rv2832c	24.891	229	158	5	1	220	1	224	6.39e-16	73.6
MPN_RS02450	Rv3102c	28.829	222	144	7	1	212	1	218	1.32e-15	71.2
MPN_RS02450	Rv1273c	25.664	226	144	6	1	211	334	550	6.03e-15	71.2
MPN_RS02450	Rv3758c	27.632	228	149	7	1	218	1	222	2.05e-14	69.3
MPN_RS02450	Rv1272c	24.889	225	148	6	17	228	411	627	3.23e-14	68.9
MPN_RS02450	Rv3663c	24.569	232	149	8	18	232	306	528	1.18e-13	67.4
MPN_RS02450	Rv3663c	26.047	215	129	7	1	193	8	214	2.69e-09	54.3
MPN_RS02450	Rv1348	25.463	216	148	6	6	213	614	824	2.71e-13	66.6
MPN_RS02450	Rv1281c	24.715	263	176	8	1	242	4	265	3.43e-13	65.9
MPN_RS02450	Rv1281c	25.962	208	140	7	18	213	376	581	1.67e-07	48.9
MPN_RS02450	Rv1458c	26.786	224	146	10	18	234	26	238	5.96e-13	64.7
MPN_RS02450	Rv2564	25.000	240	166	5	2	229	4	241	6.65e-13	64.7
MPN_RS02450	Rv1687c	28.025	157	99	4	13	164	27	174	1.16e-12	63.2
MPN_RS02450	Rv1349	24.219	256	160	8	6	245	336	573	1.23e-12	64.3
MPN_RS02450	Rv1238	22.273	220	158	5	10	222	12	225	1.33e-12	63.9
MPN_RS02450	Rv0073	26.027	219	142	5	2	206	4	216	1.22e-11	60.8
MPN_RS02450	Rv0655	28.249	177	115	5	28	194	51	225	2.64e-11	60.1
MPN_RS02450	Rv3781	27.439	164	102	5	18	175	52	204	3.26e-11	59.3
MPN_RS02450	Rv0194	25.581	215	143	7	9	212	949	1157	1.13e-09	55.5
MPN_RS02450	Rv0194	23.810	231	160	7	2	222	334	558	3.10e-09	54.3
MPN_RS02450	Rv1473	27.907	172	106	6	22	192	354	508	1.25e-08	52.4
MPN_RS02450	Rv0820	26.168	214	125	8	2	193	5	207	9.86e-08	48.9
MPN_RS02450	Rv0933	26.210	248	149	9	19	245	37	271	1.68e-07	48.1
MPN_RS02450	Rv2936	24.242	165	119	4	4	164	10	172	3.41e-06	44.3
MPN_RS02450	Rv2477c	31.579	152	84	5	19	164	337	474	4.91e-06	44.3
MPN_RS02450	Rv3041c	22.660	203	142	5	1	191	21	220	7.21e-06	43.1
MPN_RS02450	Rv1620c	24.365	197	125	6	21	200	360	549	1.32e-05	42.7
MPN_RS02450	Rv1819c	25.806	186	104	7	19	191	443	607	2.95e-04	38.9
MPN_RS02450	Rv1621c	23.267	202	118	8	22	203	334	518	2.96e-04	38.5
MPN_RS02450	Rv2922c	34.118	85	46	5	124	202	1094	1174	6.29e-04	37.7
MPN_RS02455	Rv0350	52.840	581	261	7	9	582	5	579	0.0	585
MPN_RS02455	Rv2264c	23.762	202	141	5	173	372	169	359	1.91e-05	44.3
MPN_RS02500	Rv1253	25.740	338	210	9	20	328	37	362	4.12e-29	115
MPN_RS02500	Rv3211	22.981	322	207	8	33	314	48	368	1.20e-16	78.6
MPN_RS02515	Rv3458c	37.073	205	119	4	2	202	3	201	1.10e-37	127
MPN_RS02550	Rv0020c	38.298	94	50	3	181	272	186	273	2.47e-05	42.0
MPN_RS02685	Rv2089c	35.874	223	139	4	123	344	141	360	5.03e-41	145
MPN_RS02685	Rv2535c	34.431	334	193	10	22	338	20	344	4.70e-40	142
MPN_RS02690	Rv0634B	41.860	43	25	0	9	51	13	55	4.66e-08	41.2
MPN_RS02695	Rv2417c	22.368	228	165	4	1	226	1	218	3.78e-04	38.1
MPN_RS02700	Rv2715	20.775	284	175	10	14	263	30	297	3.68e-06	44.3
MPN_RS02700	Rv3473c	26.531	98	70	2	24	120	1	97	3.61e-05	40.8
MPN_RS02700	Rv0077c	27.273	99	69	2	25	121	25	122	1.81e-04	38.9
MPN_RS02715	Rv1713	31.818	440	289	6	4	442	29	458	5.08e-70	226
MPN_RS02715	Rv2364c	33.333	114	76	0	4	117	9	122	4.56e-11	60.5
MPN_RS02715	Rv2364c	37.931	58	36	0	182	239	9	66	1.48e-05	43.5
MPN_RS02720	Rv1712	33.333	216	129	6	5	209	9	220	3.93e-34	119
MPN_RS02730	Rv2603c	27.064	218	154	2	19	233	22	237	2.23e-24	94.4
MPN_RS02740	Rv2448c	33.682	861	515	15	11	822	6	859	7.22e-162	490
MPN_RS02740	Rv1536	22.539	843	498	29	9	719	12	831	2.08e-32	132
MPN_RS02740	Rv0041	28.571	98	59	2	243	330	409	505	7.46e-08	53.1
MPN_RS02740	Rv1007c	25.000	140	99	4	441	578	230	365	2.12e-05	44.7
MPN_RS02740	Rv1007c	50.000	36	18	0	53	88	18	53	1.83e-04	41.6
MPN_RS02745	Rv1713	24.277	173	122	5	21	188	200	368	1.31e-06	44.7
MPN_RS02745	Rv1713	28.777	139	79	6	11	139	17	145	1.16e-05	42.0
MPN_RS02745	Rv2364c	27.647	170	97	7	23	178	9	166	3.07e-06	43.5
MPN_RS02775	Rv1464	27.720	386	256	10	20	391	27	403	1.33e-36	135
MPN_RS02775	Rv3778c	21.574	394	273	12	24	397	19	396	3.16e-15	73.6
MPN_RS02775	Rv3025c	26.289	194	126	8	69	252	44	230	4.40e-10	57.8
MPN_RS02795	Rv2737c	56.019	216	94	1	37	252	38	252	2.62e-74	241
MPN_RS02795	Rv2737c	22.059	68	53	0	255	322	695	762	6.20e-04	38.5
MPN_RS02830	Rv0230c	26.050	238	140	7	5	226	4	221	1.84e-08	52.0
MPN_RS02835	Rv0727c	30.899	178	100	5	22	183	20	190	3.01e-13	63.9
MPN_RS02945	Rv0668	38.246	1323	681	22	18	1272	10	1264	0.0	887
MPN_RS02950	Rv0667	46.667	915	388	11	487	1380	314	1149	0.0	829
MPN_RS02950	Rv0667	23.288	292	163	8	14	283	27	279	7.21e-14	73.6
MPN_RS02955	Rv3054c	28.571	147	89	6	7	144	10	149	3.58e-10	53.1
MPN_RS02975	Rv0077c	25.000	124	82	5	7	123	1	120	2.06e-06	45.1
MPN_RS02975	Rv2715	23.810	126	92	3	30	153	40	163	1.20e-05	42.7
MPN_RS02980	Rv1536	26.747	744	478	21	20	713	16	742	6.16e-74	259
MPN_RS02980	Rv2448c	22.940	728	465	22	56	761	42	695	2.06e-39	154
MPN_RS02980	Rv1007c	40.000	80	38	4	542	617	253	326	2.16e-07	51.2
MPN_RS02980	Rv0041	27.826	115	69	3	57	170	78	179	2.07e-04	42.0
MPN_RS02985	Rv3366	33.553	152	95	3	8	158	4	150	2.68e-25	92.4
MPN_RS02990	Rv0208c	25.140	179	126	3	33	208	79	252	4.60e-12	60.5
MPN_RS03040	Rv3628	39.375	160	88	2	6	160	3	158	1.41e-32	111
MPN_RS03060	Rv0384c	48.974	682	339	3	28	709	174	846	0.0	677
MPN_RS03060	Rv3596c	39.913	689	329	8	15	687	171	790	1.53e-168	503
MPN_RS03060	Rv1798	27.848	158	99	7	57	208	354	502	6.05e-05	43.1
MPN_RS03070	Rv0409	35.714	392	229	6	4	387	3	379	1.13e-75	236
MPN_RS03085	Rv2593c	25.180	139	90	5	1	134	1	130	3.72e-08	48.5
MPN_RS03090	Rv2592c	34.754	305	190	3	8	304	26	329	3.11e-68	213
MPN_RS03090	Rv3721c	28.571	168	94	7	8	157	9	168	2.98e-07	48.5
MPN_RS03090	Rv3868	22.989	261	151	11	40	268	329	571	9.73e-06	43.9
MPN_RS03090	Rv3610c	29.752	121	50	5	7	102	158	268	9.80e-06	43.9
MPN_RS03090	Rv3884c	24.000	275	161	13	25	264	348	609	3.26e-05	42.0
MPN_RS03090	Rv2559c	31.111	90	53	3	19	99	42	131	4.75e-05	41.6
MPN_RS03090	Rv0282	29.825	114	56	4	11	101	341	453	1.26e-04	40.4
MPN_RS03090	Rv2115c	41.860	43	24	1	41	82	289	331	2.01e-04	39.7
MPN_RS03090	Rv0435c	32.911	79	29	3	41	103	501	571	6.17e-04	38.1
MPN_RS03095	Rv1537	27.874	348	234	6	20	358	1	340	1.09e-29	117
MPN_RS03095	Rv3056	24.928	349	233	9	20	353	9	343	1.62e-27	108
MPN_RS03100	Rv0651	28.571	147	103	2	3	149	2	146	3.70e-13	60.8
MPN_RS03105	Rv0652	38.235	102	53	3	1	93	1	101	1.46e-07	43.9
MPN_RS03115	Rv2412	36.471	85	47	1	1	78	1	85	1.10e-06	39.7
MPN_RS03125	Rv1406	23.794	311	220	7	2	302	1	304	4.58e-22	91.3
MPN_RS03125	Rv3404c	27.481	131	85	5	102	226	76	202	4.92e-06	43.9
MPN_RS03135	Rv2925c	31.667	120	73	3	38	149	24	142	1.70e-13	65.5
MPN_RS03145	Rv2974c	19.118	476	338	14	80	538	4	449	2.33e-08	53.1
MPN_RS03145	Rv2975c	64.000	25	9	0	27	51	31	55	1.93e-04	37.4
MPN_RS03150	Rv1540	23.779	307	217	10	1	304	1	293	2.98e-12	63.2
MPN_RS03150	Rv3300c	23.737	198	131	6	71	266	69	248	3.31e-06	44.7
MPN_RS03155	Rv2837c	22.837	289	207	7	21	298	35	318	1.60e-15	73.2
MPN_RS03175	Rv2614c	30.657	548	344	7	16	532	100	642	9.71e-91	290
MPN_RS03190	Rv1292	34.396	439	272	7	105	537	122	550	2.19e-80	258
MPN_RS03200	Rv3919c	24.503	151	100	5	7	150	20	163	2.12e-11	57.8
MPN_RS03215	Rv1001	28.398	412	264	12	38	438	9	400	2.47e-32	124
MPN_RS03225	Rv2438c	27.692	130	83	4	28	146	363	492	9.29e-06	43.1
MPN_RS03230	Rv2440c	36.636	434	243	11	13	429	14	432	1.23e-60	201
MPN_RS03230	Rv1112	41.237	97	40	1	161	240	4	100	3.28e-14	70.5
MPN_RS03230	Rv2364c	44.643	56	30	1	162	216	9	64	2.10e-05	43.1
MPN_RS03235	Rv1895	28.731	268	180	5	1	265	1	260	1.42e-22	94.4
MPN_RS03235	Rv2259	26.648	349	227	10	20	351	25	361	7.36e-17	77.8
MPN_RS03235	Rv3086	24.000	350	236	14	23	350	26	367	3.84e-11	60.5
MPN_RS03235	Rv3045	38.356	73	45	0	23	95	27	99	2.36e-06	45.4
MPN_RS03235	Rv0761c	26.506	332	206	14	29	332	32	353	3.24e-06	45.4
MPN_RS03235	Rv2933	33.721	86	55	2	176	261	1606	1689	6.13e-04	38.5
MPN_RS03235	Rv3726	23.182	220	134	8	15	217	14	215	6.29e-04	38.1
MPN_RS03245	Rv3842c	27.465	142	92	4	4	136	12	151	6.32e-07	45.8
MPN_RS03245	Rv2277c	24.138	145	99	3	5	141	32	173	2.42e-05	41.2
MPN_RS03255	Rv2364c	22.896	297	194	10	8	282	11	294	2.39e-11	60.1
MPN_RS03260	Rv2367c	30.526	95	58	1	43	129	41	135	2.69e-08	47.8
MPN_RS03270	Rv0194	26.131	199	116	6	479	653	959	1150	1.72e-07	51.2
MPN_RS03270	Rv2832c	26.000	150	97	5	481	617	23	171	4.43e-06	46.2
MPN_RS03270	Rv1348	22.632	190	129	3	481	653	628	816	2.49e-05	44.3
MPN_RS03270	Rv0073	24.876	201	127	5	481	660	25	222	3.05e-05	43.5
MPN_RS03270	Rv3781	22.159	176	123	4	444	612	20	188	5.94e-05	42.4
MPN_RS03270	Rv3102c	23.737	198	125	8	479	654	19	212	1.04e-04	41.2
MPN_RS03270	Rv2564	25.381	197	121	7	481	655	25	217	8.46e-04	38.9
MPN_RS03275	Rv2213	38.776	294	164	5	138	421	195	482	2.66e-55	189
MPN_RS03280	Rv0440	44.815	540	286	1	1	540	1	528	6.08e-150	438
MPN_RS03280	Rv3417c	39.850	532	311	1	1	532	1	523	2.75e-110	336
MPN_RS03285	Rv3418c	33.663	101	57	5	1	98	4	97	6.63e-08	44.3
MPN_RS03295	Rv0070c	49.395	413	199	3	2	405	12	423	1.83e-140	404
MPN_RS03295	Rv1093	48.309	414	203	4	1	405	8	419	1.19e-133	387
MPN_RS03395	Rv2465c	38.621	145	88	1	7	150	6	150	2.26e-31	107
MPN_RS03410	Rv1310	59.785	465	182	2	7	467	19	482	0.0	552
MPN_RS03410	Rv1308	27.160	405	268	10	58	440	74	473	3.65e-29	117
MPN_RS03410	Rv1297	25.267	281	189	9	89	361	289	556	6.69e-07	48.5
MPN_RS03415	Rv1309	25.402	311	181	11	2	277	3	297	3.98e-28	107
MPN_RS03420	Rv1308	48.228	508	249	3	12	505	15	522	7.81e-177	506
MPN_RS03420	Rv1310	23.762	404	292	9	29	422	28	425	2.82e-17	81.3
MPN_RS03420	Rv1297	29.187	209	122	8	122	321	307	498	6.65e-09	55.1
MPN_RS03440	Rv1304	28.696	115	51	5	168	277	162	250	6.36e-04	37.4
MPN_RS03450	Rv1023	51.591	440	194	5	12	451	4	424	3.67e-140	405
MPN_RS03455	Rv0137c	35.484	155	93	3	2	153	5	155	2.04e-30	105
MPN_RS03465	Rv0820	45.455	253	130	3	83	328	5	256	3.32e-71	219
MPN_RS03465	Rv0933	42.739	241	136	2	87	327	26	264	3.65e-70	217
MPN_RS03465	Rv3663c	32.661	248	140	9	91	325	299	532	1.51e-31	120
MPN_RS03465	Rv3663c	27.734	256	166	10	82	326	8	255	1.03e-17	80.5
MPN_RS03465	Rv1272c	26.733	303	186	9	26	315	342	621	3.12e-26	106
MPN_RS03465	Rv1281c	33.047	233	137	10	102	326	380	601	1.34e-25	104
MPN_RS03465	Rv1281c	26.210	248	163	9	80	313	2	243	6.83e-17	78.2
MPN_RS03465	Rv2397c	29.358	218	137	6	102	316	23	226	6.24e-25	100
MPN_RS03465	Rv3758c	29.915	234	146	9	102	329	21	242	7.91e-25	100
MPN_RS03465	Rv1348	28.980	245	153	5	76	314	603	832	1.01e-24	102
MPN_RS03465	Rv1238	27.236	246	158	6	85	327	6	233	2.69e-24	99.0
MPN_RS03465	Rv0194	27.236	246	156	6	83	320	334	564	9.84e-24	99.0
MPN_RS03465	Rv0194	27.679	224	152	5	91	313	951	1165	1.56e-16	77.4
MPN_RS03465	Rv2832c	29.870	231	141	7	91	316	13	227	1.68e-22	93.6
MPN_RS03465	Rv1859	27.083	240	153	9	100	329	15	242	1.96e-22	93.6
MPN_RS03465	Rv2564	32.178	202	116	8	102	296	26	213	3.74e-22	92.0
MPN_RS03465	Rv1687c	28.755	233	134	11	67	293	4	210	4.67e-22	90.5
MPN_RS03465	Rv3102c	30.180	222	132	7	91	304	11	217	1.77e-21	88.2
MPN_RS03465	Rv0073	31.727	249	134	11	83	323	4	224	2.79e-21	89.7
MPN_RS03465	Rv2038c	27.984	243	148	9	91	327	13	234	3.24e-21	89.7
MPN_RS03465	Rv1349	27.682	289	179	10	40	314	284	556	1.33e-20	89.4
MPN_RS03465	Rv0655	32.308	195	117	7	101	289	45	230	2.49e-20	87.4
MPN_RS03465	Rv1273c	26.809	235	162	5	81	313	333	559	1.61e-19	86.3
MPN_RS03465	Rv1747	26.457	223	147	7	83	301	319	528	3.72e-19	85.5
MPN_RS03465	Rv0986	28.033	239	147	9	77	304	1	225	1.28e-18	80.9
MPN_RS03465	Rv2688c	28.070	228	140	7	82	304	17	225	4.10e-17	77.4
MPN_RS03465	Rv1458c	25.991	227	147	8	102	326	30	237	1.48e-14	70.1
MPN_RS03465	Rv1621c	23.853	218	130	9	79	283	312	506	1.27e-11	62.0
MPN_RS03465	Rv2936	25.446	224	151	7	92	312	17	227	7.77e-11	59.3
MPN_RS03465	Rv1218c	22.128	235	148	8	83	308	10	218	3.44e-10	57.0
MPN_RS03465	Rv3041c	23.108	251	148	11	94	314	16	251	5.28e-10	56.2
MPN_RS03465	Rv1473	23.301	206	122	6	97	298	349	522	2.95e-09	54.7
MPN_RS03465	Rv3781	22.747	233	150	6	97	325	51	257	1.39e-07	48.9
MPN_RS03465	Rv1819c	24.865	185	119	6	102	286	446	610	2.56e-06	45.8
MPN_RS03465	Rv1463	21.951	246	166	8	81	310	2	237	2.58e-06	45.1
MPN_RS03465	Rv2477c	22.134	253	151	10	16	266	274	482	3.36e-06	45.4
MPN_RS03465	Rv2477c	27.103	214	115	11	95	283	17	214	4.47e-04	38.5
MPN_RS03465	Rv1620c	23.267	202	138	7	102	296	361	552	4.63e-06	45.1
MPN_RS03465	Rv2326c	22.368	228	136	8	96	311	494	692	5.54e-05	41.6
MPN_RS03465	Rv2326c	22.314	242	144	8	59	283	218	432	2.75e-04	39.3
MPN_RS03465	Rv1638	28.814	118	75	3	219	328	493	609	5.44e-04	38.5
MPN_RS03465	Rv2922c	33.803	71	42	3	227	293	1103	1172	6.26e-04	38.5
MPN_RS03470	Rv0930	33.173	208	119	4	382	579	51	248	1.27e-17	81.3
MPN_RS03470	Rv0936	28.834	163	109	2	412	574	82	237	1.08e-12	66.2
MPN_RS03470	Rv0936	27.411	197	131	4	24	217	38	225	2.56e-08	52.8
MPN_RS03470	Rv0929	29.814	161	92	4	421	562	93	251	7.43e-11	60.8
MPN_RS03470	Rv0929	25.143	175	112	1	71	226	86	260	1.96e-10	59.3
MPN_RS03470	Rv0935	27.692	195	118	5	54	227	72	264	2.25e-10	59.3
MPN_RS03470	Rv0935	25.532	235	140	7	413	618	87	315	1.87e-08	53.5
MPN_RS03470	Rv2398c	33.333	90	49	3	500	587	145	225	3.01e-05	43.1
MPN_RS03505	Rv3442c	47.581	124	63	1	9	132	30	151	4.01e-24	87.8
MPN_RS03510	Rv3443c	44.882	127	70	0	16	142	13	139	1.39e-40	130
MPN_RS03515	Rv3721c	39.640	222	129	4	5	222	3	223	4.51e-49	178
MPN_RS03515	Rv3644c	23.226	155	116	2	36	187	39	193	4.96e-12	65.1
MPN_RS03515	Rv2559c	20.645	310	189	11	5	288	31	309	3.89e-06	46.6
MPN_RS03520	Rv1638	49.424	955	463	7	9	947	3	953	0.0	920
MPN_RS03520	Rv1747	30.526	95	58	2	836	930	454	540	8.51e-07	49.7
MPN_RS03520	Rv1747	22.872	188	106	7	435	601	400	569	3.21e-05	44.7
MPN_RS03520	Rv1859	33.766	77	46	3	836	910	139	212	1.73e-06	48.1
MPN_RS03520	Rv0933	30.973	113	61	4	836	944	164	263	1.99e-04	41.2
MPN_RS03520	Rv0986	29.412	102	59	4	836	936	147	236	3.38e-04	40.4
MPN_RS03520	Rv1458c	33.333	114	63	4	483	591	122	227	4.82e-04	40.0
MPN_RS03520	Rv1281c	26.812	138	86	4	813	946	477	603	6.12e-04	40.4
MPN_RS03530	Rv2752c	21.033	542	383	12	8	526	20	539	1.30e-17	82.8
MPN_RS03535	Rv2785c	45.679	81	44	0	5	85	8	88	6.45e-13	55.8
MPN_RS03540	Rv3211	32.011	378	227	8	2	357	9	378	4.31e-51	177
MPN_RS03540	Rv1253	30.334	389	243	7	3	374	13	390	7.99e-51	177
MPN_RS03545	Rv2975a	31.667	60	40	1	1	59	1	60	8.90e-04	31.2
MPN_RS03560	Rv2047c	41.935	62	35	1	176	236	782	843	3.16e-06	47.0
MPN_RS03560	Rv1127c	36.620	71	39	2	178	242	410	480	7.55e-04	38.9
MPN_RS03570	Rv1438	35.039	254	154	4	2	244	3	256	1.50e-40	137
MPN_RS03580	Rv2889c	30.961	281	166	9	8	279	9	270	7.19e-29	108
MPN_RS03585	Rv2883c	28.270	237	154	4	4	233	32	259	6.79e-34	119
MPN_RS03600	Rv2882c	36.932	176	107	2	12	184	11	185	2.56e-33	114
MPN_RS03605	Rv2881c	28.994	169	71	7	193	360	170	290	2.49e-10	58.2
MPN_RS03710	Rv1713	36.842	57	29	2	120	171	29	83	4.09e-04	38.1
MPN_RS03720	Rv2904c	48.182	110	56	1	10	118	4	113	8.38e-32	105
MPN_RS03725	Rv2906c	38.767	227	129	3	1	218	1	226	3.88e-51	163
MPN_RS03730	Rv2909c	38.667	75	46	0	2	76	9	83	2.65e-16	66.2
MPN_RS03740	Rv2674	45.600	125	67	1	8	131	9	133	4.36e-31	105
MPN_RS03745	Rv1650	37.838	74	46	0	125	198	68	141	3.13e-10	56.6
MPN_RS03750	Rv1166	30.159	63	44	0	40	102	381	443	8.02e-05	40.8
MPN_RS03755	Rv0685	66.499	397	129	3	1	394	1	396	0.0	531
MPN_RS03755	Rv1165	25.574	305	179	12	11	277	2	296	1.80e-15	75.1
MPN_RS03755	Rv1286	25.625	320	181	13	13	295	5	304	5.58e-14	70.5
MPN_RS03755	Rv2839c	32.787	244	123	10	10	243	397	609	6.03e-14	70.5
MPN_RS03755	Rv2404c	24.221	289	184	7	14	292	54	317	7.39e-13	67.0
MPN_RS03755	Rv0120c	30.556	144	93	4	14	153	25	165	4.92e-08	51.6
MPN_RS03755	Rv0684	33.333	132	77	3	14	139	15	141	6.93e-08	51.2
MPN_RS03765	Rv0993	34.397	282	177	5	7	281	12	292	1.82e-44	150
MPN_RS03765	Rv0334	25.758	264	161	9	6	267	2	232	1.04e-13	67.0
MPN_RS03765	Rv3264c	25.243	206	124	8	7	211	8	184	2.38e-07	48.1
MPN_RS03775	Rv1689	36.000	425	242	8	1	396	1	424	7.06e-78	244
MPN_RS03790	Rv3610c	48.701	462	225	6	211	663	143	601	7.10e-141	428
MPN_RS03790	Rv0435c	37.295	244	150	2	225	467	461	702	1.04e-42	162
MPN_RS03790	Rv0435c	24.123	228	158	4	217	443	202	415	1.19e-09	58.2
MPN_RS03790	Rv2115c	36.073	219	106	7	225	413	249	463	1.67e-27	114
MPN_RS03790	Rv2559c	39.437	71	30	3	264	329	68	130	6.11e-06	46.2
MPN_RS03790	Rv1798	37.500	64	37	1	220	280	306	369	0.001	38.9
MPN_RS03795	Rv3624c	28.249	177	121	1	3	173	37	213	9.60e-24	90.1
MPN_RS03820	Rv2992c	32.573	482	312	7	2	475	5	481	1.03e-73	238
MPN_RS03825	Rv1010	25.652	230	152	6	4	217	28	254	1.73e-12	63.2
MPN_RS03840	Rv3924c	46.512	43	23	0	2	44	5	47	1.24e-08	42.4
MPN_RS03845	Rv0986	33.023	215	139	2	118	330	14	225	4.89e-42	144
MPN_RS03845	Rv3102c	33.824	204	130	4	133	333	19	220	3.85e-36	127
MPN_RS03845	Rv2564	32.020	203	135	2	133	333	23	224	4.77e-33	122
MPN_RS03845	Rv2397c	32.000	200	127	3	133	329	20	213	6.56e-30	114
MPN_RS03845	Rv0073	31.795	195	130	2	133	325	23	216	3.39e-29	111
MPN_RS03845	Rv1238	33.668	199	117	5	135	327	22	211	1.13e-26	105
MPN_RS03845	Rv0655	33.862	189	119	3	132	316	42	228	1.87e-26	104
MPN_RS03845	Rv2038c	30.942	223	133	8	112	327	4	212	1.70e-24	99.4
MPN_RS03845	Rv2832c	27.805	205	125	5	133	327	21	212	1.19e-23	97.1
MPN_RS03845	Rv1348	30.093	216	126	10	127	330	620	822	2.53e-20	89.0
MPN_RS03845	Rv1281c	31.280	211	132	6	129	330	373	579	6.60e-20	87.4
MPN_RS03845	Rv1281c	29.493	217	138	6	136	338	27	242	1.04e-18	84.0
MPN_RS03845	Rv3663c	29.756	205	135	6	136	332	310	513	1.37e-19	86.7
MPN_RS03845	Rv3663c	31.053	190	121	4	136	315	28	217	8.38e-18	81.3
MPN_RS03845	Rv1859	28.502	207	131	4	135	329	16	217	1.98e-19	85.1
MPN_RS03845	Rv3758c	31.280	211	119	8	111	311	1	195	2.65e-19	84.7
MPN_RS03845	Rv0933	29.493	217	124	10	132	330	36	241	9.27e-19	82.0
MPN_RS03845	Rv1687c	35.762	151	88	3	133	283	33	174	1.53e-16	75.1
MPN_RS03845	Rv1458c	26.442	208	133	4	130	331	24	217	5.17e-16	74.7
MPN_RS03845	Rv2688c	28.934	197	131	5	136	331	38	226	8.98e-16	73.6
MPN_RS03845	Rv1349	28.230	209	134	5	132	332	348	548	1.38e-14	71.2
MPN_RS03845	Rv1273c	29.187	209	133	5	132	332	351	552	1.52e-14	71.2
MPN_RS03845	Rv1473	28.421	190	95	6	132	311	350	508	3.60e-14	70.1
MPN_RS03845	Rv0194	27.014	211	130	7	132	330	349	547	1.16e-13	68.9
MPN_RS03845	Rv0194	26.941	219	146	5	121	332	947	1158	1.96e-13	68.2
MPN_RS03845	Rv1621c	26.829	246	147	12	96	327	298	524	1.35e-13	68.2
MPN_RS03845	Rv2326c	27.500	200	135	4	133	331	497	687	3.94e-13	67.0
MPN_RS03845	Rv2326c	25.510	196	129	4	133	326	268	448	1.05e-09	56.6
MPN_RS03845	Rv2936	25.490	204	131	4	126	320	18	209	5.93e-13	65.5
MPN_RS03845	Rv1272c	27.830	212	127	7	132	330	412	610	1.44e-12	65.5
MPN_RS03845	Rv1747	23.881	201	142	4	132	327	334	528	3.91e-12	64.3
MPN_RS03845	Rv0820	31.053	190	117	4	133	311	20	206	1.14e-10	58.2
MPN_RS03845	Rv2477c	27.928	222	127	7	132	328	20	233	3.57e-10	57.8
MPN_RS03845	Rv2477c	24.434	221	129	8	110	322	320	510	3.86e-08	51.6
MPN_RS03845	Rv3041c	24.747	198	138	4	147	335	51	246	5.23e-10	56.6
MPN_RS03845	Rv3781	24.752	202	134	3	130	329	50	235	6.43e-09	53.1
MPN_RS03845	Rv1463	22.271	229	155	7	125	334	18	242	2.79e-06	45.1
MPN_RS03845	Rv1620c	24.324	185	124	6	136	310	361	539	4.65e-06	45.1
MPN_RS03845	Rv1819c	28.495	186	112	7	135	317	447	614	6.58e-05	41.6
MPN_RS03855	Rv0986	35.266	207	130	1	65	267	19	225	3.33e-42	142
MPN_RS03855	Rv3102c	36.453	203	122	4	72	269	19	219	1.74e-34	122
MPN_RS03855	Rv2397c	32.000	200	125	3	72	266	20	213	4.24e-33	121
MPN_RS03855	Rv2564	31.455	213	134	4	73	279	24	230	7.65e-30	112
MPN_RS03855	Rv2038c	30.542	203	130	3	67	264	16	212	7.63e-28	107
MPN_RS03855	Rv0073	32.394	213	128	5	75	279	26	230	9.76e-28	106
MPN_RS03855	Rv2832c	32.500	200	120	4	72	264	21	212	1.88e-26	103
MPN_RS03855	Rv1238	29.744	195	126	4	75	264	23	211	1.64e-24	98.6
MPN_RS03855	Rv3758c	33.188	229	130	8	53	270	2	218	1.79e-23	95.5
MPN_RS03855	Rv1458c	31.140	228	141	8	44	268	3	217	7.84e-22	90.1
MPN_RS03855	Rv1687c	31.844	179	114	3	69	247	30	200	6.23e-21	86.7
MPN_RS03855	Rv1859	28.774	212	137	3	75	272	17	228	9.25e-21	87.8
MPN_RS03855	Rv0655	31.122	196	121	5	64	248	31	223	2.01e-20	86.7
MPN_RS03855	Rv3663c	30.348	201	123	5	62	248	16	213	1.19e-19	85.5
MPN_RS03855	Rv3663c	26.923	208	137	7	72	267	307	511	5.71e-18	80.5
MPN_RS03855	Rv1747	25.980	204	138	4	68	264	331	528	4.38e-19	84.0
MPN_RS03855	Rv1281c	28.365	208	134	6	75	267	27	234	1.96e-18	82.0
MPN_RS03855	Rv1281c	30.882	204	132	4	72	267	377	579	2.84e-18	81.6
MPN_RS03855	Rv1349	30.047	213	123	8	71	269	348	548	5.00e-17	77.8
MPN_RS03855	Rv3041c	27.778	234	154	7	46	268	13	242	1.53e-16	74.7
MPN_RS03855	Rv2688c	28.205	195	133	3	75	268	38	226	1.32e-15	72.4
MPN_RS03855	Rv0933	26.009	223	144	8	62	269	27	243	1.56e-15	72.0
MPN_RS03855	Rv0194	28.037	214	132	7	66	267	344	547	7.21e-15	71.6
MPN_RS03855	Rv0194	28.241	216	115	10	75	269	962	1158	1.48e-10	58.5
MPN_RS03855	Rv2936	24.880	209	146	4	53	257	8	209	1.06e-14	70.1
MPN_RS03855	Rv2326c	29.082	196	121	5	75	264	500	683	6.66e-14	68.6
MPN_RS03855	Rv2326c	27.083	192	123	4	75	263	271	448	2.48e-09	54.7
MPN_RS03855	Rv1621c	29.897	194	121	6	79	264	338	524	2.65e-13	66.6
MPN_RS03855	Rv1473	27.488	211	126	7	75	281	354	541	9.22e-13	65.1
MPN_RS03855	Rv1273c	29.469	207	129	5	71	267	351	550	3.24e-12	63.2
MPN_RS03855	Rv1348	25.311	241	159	9	35	267	595	822	3.98e-12	63.2
MPN_RS03855	Rv1819c	30.675	163	96	4	71	229	442	591	4.40e-11	60.1
MPN_RS03855	Rv3781	27.363	201	116	6	75	266	56	235	5.16e-11	58.9
MPN_RS03855	Rv1272c	25.000	212	131	8	71	267	412	610	8.44e-10	56.2
MPN_RS03855	Rv2477c	22.979	235	152	6	55	265	4	233	1.19e-09	55.5
MPN_RS03855	Rv1218c	26.263	198	134	6	73	267	26	214	2.14e-08	51.2
MPN_RS03855	Rv1620c	23.474	213	122	8	63	248	342	540	2.13e-06	45.4
MPN_RS03855	Rv0820	26.203	187	122	5	75	248	23	206	2.77e-06	44.7
MPN_RS03855	Rv1638	31.579	76	48	2	189	261	843	917	3.58e-05	42.0
MPN_RS03855	Rv1638	28.571	105	58	5	173	267	489	586	4.20e-04	38.5
MPN_RS03860	Rv0001	27.901	362	251	5	67	426	134	487	2.06e-41	150
MPN_RS03870	Rv3213c	26.070	257	162	7	2	242	6	250	1.56e-23	93.6
MPN_RS03870	Rv1708	28.295	258	158	9	2	242	66	313	2.65e-23	94.0
MPN_RS03870	Rv3918c	26.606	218	131	8	2	207	86	286	4.32e-14	68.2
