Rv0001	MPN_RS03860	27.901	362	251	5	134	487	67	426	5.16e-46	161
Rv0005	MPN_RS00015	47.801	682	297	9	12	675	10	650	0.0	641
Rv0005	MPN_RS00695	41.555	669	338	9	9	666	2	628	4.22e-175	509
Rv0006	MPN_RS00020	42.804	799	447	6	15	812	20	809	0.0	666
Rv0006	MPN_RS00020	21.622	222	146	8	618	818	512	726	5.68e-06	44.3
Rv0006	MPN_RS00700	33.018	739	468	12	20	749	13	733	7.91e-123	384
Rv0014c	MPN_RS01375	26.433	314	180	14	7	273	11	320	5.38e-23	96.3
Rv0015c	MPN_RS01375	25.197	254	153	6	1	217	3	256	1.26e-20	87.8
Rv0018c	MPN_RS01370	25.984	254	162	9	10	241	9	258	3.54e-15	70.5
Rv0020c	MPN_RS02550	38.750	80	43	2	186	259	169	248	1.03e-04	38.9
Rv0041	MPN_RS02160	35.138	905	437	18	70	969	31	790	8.67e-176	526
Rv0041	MPN_RS02740	28.571	98	59	2	409	505	243	330	1.51e-08	53.1
Rv0041	MPN_RS02980	27.826	115	69	3	78	179	57	170	4.82e-05	41.6
Rv0041	MPN_RS00130	29.808	104	70	2	79	182	12	112	1.72e-04	39.7
Rv0052	MPN_RS00175	38.636	44	26	1	33	75	59	102	3.73e-04	33.5
Rv0055	MPN_RS01285	46.774	62	32	1	20	80	41	102	1.48e-13	55.8
Rv0056	MPN_RS01290	27.723	101	70	1	1	101	1	98	5.33e-09	47.0
Rv0058	MPN_RS01295	36.620	213	122	5	199	401	195	404	1.24e-35	136
Rv0058	MPN_RS01295	35.000	60	33	1	816	869	403	462	3.74e-04	38.5
Rv0070c	MPN_RS03295	49.395	413	199	3	12	423	2	405	3.61e-141	404
Rv0073	MPN_RS00440	38.278	209	119	5	10	213	237	440	2.77e-39	139
Rv0073	MPN_RS03845	32.653	196	127	3	23	216	133	325	3.82e-33	120
Rv0073	MPN_RS01075	32.512	203	129	4	13	213	16	212	9.11e-29	107
Rv0073	MPN_RS03855	30.986	213	131	6	26	230	75	279	7.06e-25	97.1
Rv0073	MPN_RS03465	32.129	249	133	11	4	224	83	323	1.35e-24	97.1
Rv0073	MPN_RS01080	30.000	220	145	7	4	216	17	234	1.37e-23	93.6
Rv0073	MPN_RS02365	28.986	207	125	5	23	215	21	219	4.79e-22	88.2
Rv0073	MPN_RS01425	27.513	189	121	3	26	201	26	211	4.38e-21	88.6
Rv0073	MPN_RS00775	37.931	116	62	3	4	119	13	118	1.17e-18	81.3
Rv0073	MPN_RS00775	35.417	96	56	3	122	213	342	435	6.52e-13	63.9
Rv0073	MPN_RS01220	24.898	245	131	6	4	198	22	263	1.24e-16	75.1
Rv0073	MPN_RS01870	26.630	184	123	5	21	201	23	197	1.34e-14	68.2
Rv0073	MPN_RS02450	26.027	219	142	5	4	216	2	206	6.74e-14	65.5
Rv0073	MPN_RS02445	25.822	213	148	6	8	215	107	314	1.01e-13	65.9
Rv0073	MPN_RS00110	28.571	175	113	7	8	175	396	565	1.32e-11	60.1
Rv0073	MPN_RS00305	35.556	90	52	2	23	112	23	106	1.53e-11	59.7
Rv0073	MPN_RS00305	28.972	107	68	4	112	213	317	420	2.91e-07	46.6
Rv0073	MPN_RS00105	26.061	165	102	4	26	175	386	545	1.91e-11	59.3
Rv0073	MPN_RS01225	33.981	103	61	3	106	206	654	751	8.51e-10	54.7
Rv0073	MPN_RS03270	25.397	189	113	6	40	222	494	660	2.88e-06	43.5
Rv0073	MPN_RS03520	29.348	92	59	2	128	217	483	570	5.71e-04	36.2
Rv0077c	MPN_RS02975	25.000	124	82	5	1	120	7	123	4.44e-07	44.7
Rv0077c	MPN_RS02700	27.273	99	69	2	25	122	25	121	3.51e-05	38.9
Rv0089	MPN_RS02035	28.235	85	56	3	13	92	99	183	1.70e-04	36.2
Rv0092	MPN_RS01180	27.717	184	112	3	552	714	482	665	7.00e-16	76.3
Rv0092	MPN_RS01180	22.656	256	175	6	218	455	93	343	1.28e-06	46.2
Rv0103c	MPN_RS01180	28.571	175	104	3	570	723	491	665	4.55e-17	80.1
Rv0103c	MPN_RS01180	24.828	290	184	7	216	480	84	364	1.32e-08	52.8
Rv0107c	MPN_RS01180	28.743	668	401	17	805	1448	91	707	4.17e-64	231
Rv0112	MPN_RS01420	23.284	335	221	10	2	309	7	332	1.78e-16	73.6
Rv0120c	MPN_RS01270	33.333	696	435	8	24	711	11	685	8.88e-133	403
Rv0120c	MPN_RS03755	30.556	144	93	4	25	165	14	153	1.71e-08	51.6
Rv0120c	MPN_RS00885	22.901	131	84	2	26	156	124	237	1.03e-05	43.1
Rv0120c	MPN_RS01540	22.222	153	108	3	23	169	6	153	5.84e-04	37.4
Rv0134	MPN_RS00125	26.829	123	77	3	14	129	10	126	2.35e-06	42.7
Rv0137c	MPN_RS03455	35.484	155	93	3	5	155	2	153	4.47e-31	105
Rv0162c	MPN_RS03235	24.903	257	159	7	49	292	26	261	1.65e-07	47.4
Rv0183	MPN_RS02700	22.791	215	135	7	33	234	24	220	7.00e-06	41.2
Rv0194	MPN_RS00110	23.492	630	436	12	585	1174	5	628	2.22e-54	196
Rv0194	MPN_RS00110	26.295	502	346	8	86	565	129	628	5.51e-49	180
Rv0194	MPN_RS00105	25.230	543	372	11	60	576	85	619	3.97e-47	174
Rv0194	MPN_RS00105	23.654	520	364	9	683	1178	102	612	3.79e-31	125
Rv0194	MPN_RS01075	30.833	240	145	6	326	556	2	229	2.62e-24	99.0
Rv0194	MPN_RS01075	27.119	236	158	5	944	1174	12	238	2.04e-23	96.3
Rv0194	MPN_RS03465	27.236	246	156	6	334	564	83	320	6.73e-24	99.0
Rv0194	MPN_RS03465	27.679	224	152	5	951	1165	91	313	1.07e-16	77.4
Rv0194	MPN_RS01080	29.148	223	143	8	344	556	31	248	4.88e-15	72.0
Rv0194	MPN_RS01080	28.287	251	148	11	955	1189	33	267	6.92e-15	71.6
Rv0194	MPN_RS00440	27.984	243	134	11	326	546	224	447	5.80e-15	73.6
Rv0194	MPN_RS00440	29.224	219	134	9	949	1155	238	447	8.67e-15	72.8
Rv0194	MPN_RS03855	27.830	212	135	6	344	547	66	267	4.52e-14	68.9
Rv0194	MPN_RS03855	29.268	205	127	9	962	1158	75	269	1.35e-10	58.5
Rv0194	MPN_RS03845	27.014	211	130	7	349	547	132	330	7.71e-14	68.9
Rv0194	MPN_RS03845	26.941	219	146	5	947	1158	121	332	1.30e-13	68.2
Rv0194	MPN_RS00305	35.165	91	54	2	471	557	349	438	8.69e-13	67.0
Rv0194	MPN_RS00305	34.524	84	52	2	958	1040	22	103	1.09e-10	60.1
Rv0194	MPN_RS00305	32.967	91	54	3	342	431	19	103	1.16e-08	53.5
Rv0194	MPN_RS00305	35.714	84	51	2	1080	1160	349	432	1.40e-06	47.0
Rv0194	MPN_RS02365	23.237	241	154	6	942	1164	6	233	1.58e-12	63.5
Rv0194	MPN_RS02365	23.577	246	139	9	334	551	6	230	3.82e-10	56.6
Rv0194	MPN_RS01225	35.185	108	65	4	471	573	688	795	3.79e-12	65.1
Rv0194	MPN_RS01225	33.673	98	61	3	1080	1173	688	785	1.07e-08	53.9
Rv0194	MPN_RS01425	22.222	225	164	4	340	553	335	559	8.72e-12	63.5
Rv0194	MPN_RS01425	25.225	222	148	8	950	1156	14	232	3.54e-09	55.1
Rv0194	MPN_RS01425	23.474	213	147	8	352	551	25	234	1.30e-06	47.0
Rv0194	MPN_RS01425	23.113	212	146	6	960	1157	346	554	1.57e-04	40.0
Rv0194	MPN_RS00775	29.032	93	63	1	467	556	360	452	8.82e-12	63.5
Rv0194	MPN_RS00775	31.724	145	79	7	1049	1187	340	470	1.82e-05	43.1
Rv0194	MPN_RS02450	25.581	215	143	7	949	1157	9	212	9.43e-10	55.5
Rv0194	MPN_RS02450	23.810	231	160	7	334	558	2	222	2.59e-09	54.3
Rv0194	MPN_RS02445	27.805	205	126	5	966	1157	126	321	7.01e-09	53.9
Rv0194	MPN_RS02445	30.120	83	53	2	469	548	241	321	2.28e-05	42.7
Rv0194	MPN_RS01870	22.018	218	144	5	341	547	16	218	1.43e-08	52.4
Rv0194	MPN_RS01870	22.170	212	139	4	959	1159	25	221	2.85e-06	45.4
Rv0194	MPN_RS01220	31.461	89	58	2	471	556	209	297	5.24e-08	51.2
Rv0194	MPN_RS01220	21.782	303	172	13	933	1176	11	307	2.07e-06	46.2
Rv0194	MPN_RS03270	25.269	186	110	5	972	1150	490	653	3.37e-06	45.8
Rv0208c	MPN_RS02990	25.140	179	126	3	79	252	33	208	1.09e-12	60.5
Rv0230c	MPN_RS02830	26.050	238	140	7	4	221	5	226	3.22e-09	52.0
Rv0233	MPN_RS01810	22.490	249	163	10	31	264	50	283	2.68e-04	36.6
Rv0252	MPN_RS02215	23.318	223	147	6	100	304	93	309	4.14e-07	47.8
Rv0282	MPN_RS03090	29.825	114	56	4	341	453	11	101	4.44e-05	40.4
Rv0282	MPN_RS03060	27.972	143	91	5	376	508	51	191	3.95e-04	37.7
Rv0317c	MPN_RS02385	39.216	51	30	1	9	59	5	54	8.11e-06	40.4
Rv0334	MPN_RS03765	25.758	264	161	9	2	232	6	267	1.94e-14	67.0
Rv0350	MPN_RS02455	52.840	581	261	7	5	579	9	582	0.0	590
Rv0352	MPN_RS00120	30.829	386	230	12	8	376	5	370	1.35e-41	145
Rv0352	MPN_RS00675	39.604	101	51	4	9	100	6	105	6.99e-14	68.2
Rv0352	MPN_RS00010	36.364	66	39	1	12	77	4	66	3.19e-07	46.2
Rv0363c	MPN_RS00140	32.407	324	162	14	11	332	7	275	4.17e-30	111
Rv0384c	MPN_RS03060	48.974	682	339	3	174	846	28	709	0.0	679
Rv0384c	MPN_RS01860	29.323	133	74	8	601	721	372	496	5.95e-04	37.7
Rv0408	MPN_RS02425	35.806	310	181	7	381	684	20	317	6.72e-47	164
Rv0409	MPN_RS03070	35.714	392	229	6	3	379	4	387	2.10e-76	236
Rv0410c	MPN_RS01375	25.474	369	177	16	140	444	4	338	1.19e-16	77.4
Rv0425c	MPN_RS01180	28.660	642	402	16	727	1337	91	707	1.13e-62	226
Rv0429c	MPN_RS01360	32.667	150	80	7	28	162	49	192	8.20e-13	59.7
Rv0435c	MPN_RS03790	37.295	244	150	2	461	702	225	467	1.80e-43	162
Rv0435c	MPN_RS03790	25.751	233	158	5	202	420	217	448	1.01e-12	65.9
Rv0435c	MPN_RS03090	32.911	79	29	3	501	571	41	103	2.88e-04	38.1
Rv0440	MPN_RS03280	44.815	540	286	1	1	528	1	540	1.20e-150	438
Rv0462	MPN_RS02195	31.263	467	301	9	3	461	2	456	5.08e-63	206
Rv0462	MPN_RS02215	28.571	280	181	8	172	436	168	443	2.88e-18	81.6
Rv0478	MPN_RS00350	37.273	220	129	4	7	223	2	215	1.69e-41	136
Rv0502	MPN_RS01650	28.025	157	81	7	122	263	65	204	2.61e-05	40.0
Rv0505c	MPN_RS01455	37.037	81	46	4	265	342	191	269	3.23e-06	42.7
Rv0526	MPN_RS01450	25.581	43	30	1	90	132	21	61	0.001	32.7
Rv0536	MPN_RS01420	23.276	348	207	13	2	328	7	315	2.41e-08	49.7
Rv0561c	MPN_RS02195	26.804	97	64	3	8	104	4	93	0.001	35.8
Rv0570	MPN_RS01820	23.661	579	311	14	173	656	155	697	2.09e-39	149
Rv0629c	MPN_RS01900	32.609	92	53	4	153	244	6	88	9.00e-06	42.7
Rv0629c	MPN_RS01905	30.556	72	46	3	147	218	6	73	2.53e-04	38.5
Rv0630c	MPN_RS01900	23.200	375	217	11	17	373	19	340	5.62e-12	63.9
Rv0630c	MPN_RS01905	30.400	125	82	3	217	337	183	306	2.15e-11	62.4
Rv0634B	MPN_RS02690	41.860	43	25	0	13	55	9	51	9.11e-09	41.2
Rv0634B	MPN_RS00380	29.167	48	33	1	7	54	1	47	7.24e-05	31.2
Rv0639	MPN_RS00370	28.814	118	55	4	49	138	10	126	5.84e-07	44.3
Rv0640	MPN_RS01230	46.377	138	69	2	4	141	3	135	2.33e-36	117
Rv0641	MPN_RS01235	42.411	224	127	1	1	224	1	222	1.20e-57	177
Rv0651	MPN_RS03100	28.571	147	103	2	2	146	3	149	7.73e-14	60.8
Rv0652	MPN_RS03105	36.641	131	73	3	1	130	1	122	4.07e-17	67.4
Rv0655	MPN_RS03845	34.043	188	120	3	42	228	132	316	5.81e-27	104
Rv0655	MPN_RS00440	29.949	197	134	2	33	228	241	434	1.14e-24	99.4
Rv0655	MPN_RS03465	32.308	195	117	7	45	230	101	289	5.12e-21	87.4
Rv0655	MPN_RS01075	29.592	196	128	5	32	224	14	202	1.61e-20	85.1
Rv0655	MPN_RS03855	30.102	196	123	5	31	223	64	248	2.58e-18	79.0
Rv0655	MPN_RS02365	26.442	208	143	2	44	244	22	226	4.80e-18	77.4
Rv0655	MPN_RS01080	26.786	224	155	6	35	252	29	249	3.80e-17	75.9
Rv0655	MPN_RS00305	37.838	111	68	1	114	223	298	408	5.75e-16	73.6
Rv0655	MPN_RS00305	38.462	104	58	2	28	130	7	105	2.21e-14	68.9
Rv0655	MPN_RS00775	33.036	112	70	2	27	138	12	118	3.75e-15	71.2
Rv0655	MPN_RS00775	32.075	106	71	1	159	263	359	464	3.59e-10	55.8
Rv0655	MPN_RS01220	23.438	256	149	4	46	254	44	299	5.76e-14	67.4
Rv0655	MPN_RS01870	23.938	259	168	7	28	269	7	253	1.46e-13	65.5
Rv0655	MPN_RS01225	32.381	105	70	1	140	243	663	767	2.62e-13	65.9
Rv0655	MPN_RS02450	28.249	177	115	5	51	225	28	194	6.61e-12	60.1
Rv0655	MPN_RS01425	24.409	254	163	9	26	260	4	247	8.71e-12	60.8
Rv0655	MPN_RS01425	21.094	256	167	7	17	251	320	561	1.25e-08	50.8
Rv0655	MPN_RS00105	26.190	168	106	5	44	197	384	547	4.45e-10	55.5
Rv0655	MPN_RS02445	23.913	230	110	8	38	234	114	311	2.78e-09	52.8
Rv0655	MPN_RS00110	24.064	187	132	4	46	228	416	596	1.28e-07	47.8
Rv0667	MPN_RS02950	46.667	915	388	11	314	1149	487	1380	0.0	830
Rv0667	MPN_RS02950	22.848	302	172	8	17	279	4	283	9.04e-15	73.9
Rv0667	MPN_RS02950	38.182	55	32	1	273	327	356	408	7.61e-04	38.1
Rv0668	MPN_RS02945	38.246	1323	681	22	10	1264	18	1272	0.0	886
Rv0670	MPN_RS01840	27.444	266	152	8	2	234	4	261	4.13e-21	84.7
Rv0682	MPN_RS01260	73.469	98	26	0	27	124	40	137	1.99e-49	149
Rv0683	MPN_RS01265	53.247	154	72	0	3	156	2	155	6.05e-62	183
Rv0684	MPN_RS01270	58.140	688	280	4	9	696	6	685	0.0	823
Rv0684	MPN_RS01540	33.540	161	96	5	12	165	5	161	2.78e-19	86.7
Rv0684	MPN_RS01540	24.510	204	118	8	307	488	185	374	9.51e-10	56.2
Rv0684	MPN_RS01540	28.000	125	77	4	561	683	364	477	9.40e-06	43.1
Rv0684	MPN_RS03755	33.333	132	77	3	15	141	14	139	1.91e-11	60.8
Rv0684	MPN_RS00885	33.824	136	59	4	18	146	126	237	9.66e-10	56.2
Rv0685	MPN_RS03755	66.499	397	129	3	1	396	1	394	0.0	549
Rv0685	MPN_RS01540	26.246	301	187	12	14	303	8	284	7.38e-16	73.9
Rv0685	MPN_RS01270	32.308	130	83	4	14	141	12	138	5.09e-10	55.8
Rv0685	MPN_RS00885	30.270	185	92	8	18	197	127	279	1.24e-08	51.2
Rv0688	MPN_RS02215	21.923	260	171	7	93	320	81	340	4.47e-07	46.2
Rv0688	MPN_RS02195	26.316	228	149	8	107	321	125	346	1.12e-05	42.0
Rv0700	MPN_RS00930	43.478	92	52	0	5	96	11	102	2.82e-24	84.0
Rv0701	MPN_RS00935	38.991	218	124	3	1	214	1	213	5.20e-50	159
Rv0702	MPN_RS00940	39.604	202	108	8	19	209	8	206	1.52e-35	120
Rv0703	MPN_RS00945	33.333	87	55	2	6	89	2	88	1.46e-08	45.1
Rv0704	MPN_RS00950	47.566	267	131	5	16	273	17	283	1.90e-79	237
Rv0705	MPN_RS00955	62.791	86	32	0	1	86	1	86	7.00e-37	115
Rv0706	MPN_RS00960	37.654	162	93	3	13	171	3	159	6.93e-25	90.5
Rv0707	MPN_RS00965	37.786	262	145	7	1	250	1	256	1.40e-53	170
Rv0708	MPN_RS00970	50.735	136	67	0	1	136	1	136	7.07e-43	133
Rv0709	MPN_RS00975	37.288	59	37	0	9	67	6	64	2.27e-06	37.4
Rv0710	MPN_RS00980	51.807	83	39	1	55	136	3	85	1.58e-22	80.1
Rv0714	MPN_RS00985	59.836	122	49	0	1	122	1	122	3.11e-50	150
Rv0715	MPN_RS00990	40.952	105	57	3	2	101	3	107	8.22e-21	75.5
Rv0716	MPN_RS00995	51.235	162	79	0	11	172	4	165	3.69e-63	188
Rv0717	MPN_RS01000	62.295	61	23	0	1	61	1	61	5.85e-25	82.8
Rv0718	MPN_RS01005	46.154	130	68	1	5	132	13	142	4.85e-37	118
Rv0719	MPN_RS01010	41.209	182	103	3	1	179	1	181	1.71e-46	145
Rv0720	MPN_RS01015	41.026	117	64	3	8	122	3	116	4.97e-11	50.8
Rv0721	MPN_RS01020	40.462	173	103	0	23	195	47	219	3.36e-40	132
Rv0723	MPN_RS01025	32.450	151	93	6	3	146	1	149	1.01e-14	62.4
Rv0727c	MPN_RS02835	30.899	178	100	5	20	190	22	183	5.11e-14	63.9
Rv0729	MPN_RS00265	26.364	110	77	1	299	404	351	460	6.47e-05	39.7
Rv0732	MPN_RS01030	34.483	377	214	10	77	437	85	444	7.76e-55	184
Rv0733	MPN_RS01035	30.890	191	93	4	2	158	4	189	2.79e-25	92.4
Rv0734	MPN_RS01040	28.800	250	170	3	16	264	5	247	8.26e-33	115
Rv0759c	MPN_RS01510	24.752	101	70	2	1	96	34	133	4.14e-05	35.4
Rv0761c	MPN_RS03235	26.506	332	206	14	32	353	29	332	6.54e-07	45.4
Rv0794c	MPN_RS02195	25.934	482	298	12	21	483	2	443	1.96e-32	124
Rv0816c	MPN_RS01450	25.926	81	58	2	49	128	15	94	7.17e-08	42.7
Rv0820	MPN_RS03465	45.455	253	130	3	5	256	83	328	4.89e-79	236
Rv0820	MPN_RS01075	24.895	237	155	7	10	243	15	231	1.22e-20	83.6
Rv0820	MPN_RS00440	30.085	236	130	9	23	251	254	461	3.33e-19	81.3
Rv0820	MPN_RS03845	31.053	190	117	4	20	206	133	311	1.21e-16	73.2
Rv0820	MPN_RS00775	40.000	100	55	2	137	231	352	451	3.54e-15	69.7
Rv0820	MPN_RS00775	29.630	108	63	3	5	110	13	109	1.99e-09	52.4
Rv0820	MPN_RS00305	30.088	113	71	2	143	253	343	449	3.05e-14	66.6
Rv0820	MPN_RS00305	34.375	96	52	4	17	111	20	105	1.81e-08	49.3
Rv0820	MPN_RS01220	35.135	111	64	2	136	244	196	300	3.41e-14	66.2
Rv0820	MPN_RS02445	26.106	226	152	6	20	243	119	331	3.29e-13	63.2
Rv0820	MPN_RS01080	25.106	235	150	9	20	243	37	256	6.50e-13	62.0
Rv0820	MPN_RS02365	26.126	222	132	7	10	216	11	215	7.49e-13	61.2
Rv0820	MPN_RS00110	27.322	183	111	6	32	207	425	592	3.36e-12	60.8
Rv0820	MPN_RS01425	22.326	215	142	7	15	215	18	221	6.66e-12	59.7
Rv0820	MPN_RS01425	27.586	87	56	2	149	234	475	555	3.21e-04	36.2
Rv0820	MPN_RS02450	26.168	214	125	8	5	207	2	193	1.18e-11	58.2
Rv0820	MPN_RS01225	28.972	107	68	2	149	253	688	788	5.68e-11	57.0
Rv0820	MPN_RS00105	27.168	173	101	8	36	194	399	560	7.12e-11	56.6
Rv0820	MPN_RS01870	24.000	200	131	7	20	215	25	207	1.78e-10	55.1
Rv0820	MPN_RS03855	24.599	187	125	4	23	206	75	248	1.35e-08	49.3
Rv0840c	MPN_RS00125	32.673	101	68	0	9	109	16	116	1.01e-08	50.1
Rv0843	MPN_RS02210	24.150	294	208	7	14	303	35	317	1.75e-12	62.0
Rv0881	MPN_RS01985	28.966	145	101	1	131	275	96	238	4.71e-17	73.6
Rv0908	MPN_RS01180	27.760	634	401	13	74	658	88	713	4.07e-55	199
Rv0929	MPN_RS03470	30.247	162	90	5	93	251	421	562	8.35e-12	60.5
Rv0929	MPN_RS03470	25.143	175	112	1	86	260	71	226	2.94e-11	58.9
Rv0930	MPN_RS03470	34.911	169	103	2	87	248	411	579	2.22e-22	92.0
Rv0930	MPN_RS03470	22.596	208	142	6	101	293	82	285	1.51e-07	47.0
Rv0931c	MPN_RS01375	26.531	245	130	10	70	281	100	327	5.30e-17	78.2
Rv0933	MPN_RS03465	42.739	241	136	2	26	264	87	327	3.43e-71	217
Rv0933	MPN_RS01080	28.692	237	156	6	22	250	17	248	2.57e-25	97.4
Rv0933	MPN_RS01075	27.830	212	138	7	52	260	40	239	8.93e-23	89.7
Rv0933	MPN_RS00440	31.557	244	140	12	27	262	241	465	7.08e-21	86.7
Rv0933	MPN_RS03845	28.111	217	127	9	36	241	132	330	7.83e-20	82.8
Rv0933	MPN_RS01220	34.677	124	78	2	144	265	190	312	1.89e-19	82.0
Rv0933	MPN_RS02445	25.410	244	170	6	15	252	94	331	1.30e-17	76.6
Rv0933	MPN_RS02365	27.917	240	153	6	20	249	4	233	1.94e-17	74.7
Rv0933	MPN_RS00305	34.615	104	66	1	161	262	346	449	3.26e-16	72.8
Rv0933	MPN_RS01225	33.000	100	65	1	161	258	685	784	5.09e-16	72.8
Rv0933	MPN_RS00110	28.182	220	147	3	32	249	408	618	5.20e-16	72.4
Rv0933	MPN_RS03855	26.009	223	144	8	27	243	62	269	5.59e-14	65.5
Rv0933	MPN_RS00105	27.358	212	133	6	9	206	352	556	6.10e-14	66.2
Rv0933	MPN_RS00775	30.508	118	80	1	157	272	357	474	2.03e-13	64.7
Rv0933	MPN_RS00775	24.324	111	69	3	16	122	7	106	8.14e-07	44.7
Rv0933	MPN_RS01870	21.145	227	157	7	29	249	16	226	7.49e-10	53.5
Rv0933	MPN_RS01425	21.759	216	146	6	40	241	26	232	1.50e-09	52.8
Rv0933	MPN_RS01425	20.000	250	171	10	10	242	317	554	1.07e-04	37.7
Rv0933	MPN_RS02450	25.283	265	162	10	22	271	2	245	2.89e-08	48.1
Rv0933	MPN_RS03520	30.973	113	61	4	164	263	836	944	8.77e-06	41.6
Rv0933	MPN_RS02415	31.148	61	38	1	164	220	880	940	3.97e-04	36.2
Rv0935	MPN_RS03470	25.292	257	151	7	10	264	10	227	4.44e-12	61.6
Rv0935	MPN_RS03470	25.532	235	140	7	87	315	413	618	1.83e-09	53.5
Rv0936	MPN_RS03470	29.437	231	146	6	82	299	412	638	8.90e-18	78.2
Rv0936	MPN_RS03470	27.273	198	132	4	37	225	23	217	3.11e-09	52.4
Rv0944	MPN_RS02140	30.714	140	90	3	10	142	135	274	3.73e-14	63.2
Rv0946c	MPN_RS01385	21.600	375	257	9	148	514	75	420	3.41e-09	53.5
Rv0949	MPN_RS01905	26.227	774	475	28	23	770	9	712	5.07e-55	196
Rv0949	MPN_RS01900	30.435	391	242	8	20	397	1	374	5.12e-48	173
Rv0949	MPN_RS01900	38.182	110	49	5	593	689	381	484	2.47e-11	61.2
Rv0969	MPN_RS01180	25.725	517	303	11	275	713	128	641	5.66e-34	134
Rv0973c	MPN_RS02200	31.148	61	42	0	595	655	17	77	1.14e-04	39.3
Rv0986	MPN_RS00440	38.356	219	133	1	6	224	231	447	1.12e-49	164
Rv0986	MPN_RS03845	33.023	215	139	2	14	225	118	330	4.71e-43	144
Rv0986	MPN_RS03855	34.783	207	131	2	19	225	65	267	4.44e-40	135
Rv0986	MPN_RS01080	35.065	231	136	8	6	227	16	241	4.01e-32	114
Rv0986	MPN_RS01075	31.111	225	145	4	2	225	5	220	9.79e-32	112
Rv0986	MPN_RS02365	30.000	210	134	3	25	225	20	225	2.45e-27	100
Rv0986	MPN_RS02450	30.088	226	137	5	6	225	1	211	1.17e-19	80.5
Rv0986	MPN_RS02445	27.826	230	151	7	4	225	98	320	1.64e-19	81.3
Rv0986	MPN_RS03465	28.033	239	147	9	1	225	77	304	1.82e-19	80.9
Rv0986	MPN_RS01870	23.789	227	162	5	1	225	1	218	2.88e-18	77.4
Rv0986	MPN_RS01220	24.627	268	154	6	6	225	21	288	3.95e-17	74.7
Rv0986	MPN_RS01425	24.528	212	141	4	8	206	7	212	1.64e-16	73.2
Rv0986	MPN_RS01425	27.197	239	156	7	19	243	337	571	5.99e-13	62.8
Rv0986	MPN_RS00775	41.379	87	45	1	26	112	28	108	2.48e-16	72.8
Rv0986	MPN_RS00775	27.273	121	80	2	127	246	344	457	3.89e-09	51.2
Rv0986	MPN_RS00110	27.027	222	144	6	23	236	410	621	3.42e-16	72.4
Rv0986	MPN_RS00105	25.957	235	151	6	5	224	363	589	3.04e-14	66.6
Rv0986	MPN_RS00305	34.862	109	62	3	1	109	1	100	1.67e-13	64.3
Rv0986	MPN_RS00305	30.631	111	76	1	130	239	332	442	1.76e-11	58.2
Rv0986	MPN_RS01225	34.000	100	62	3	129	225	669	767	1.98e-12	61.2
Rv0986	MPN_RS01225	31.858	113	74	2	3	112	8	120	1.02e-09	53.1
Rv0986	MPN_RS03520	29.412	102	59	4	147	236	836	936	1.67e-05	40.4
Rv0992c	MPN_RS01950	18.974	195	114	6	5	187	2	164	3.44e-04	34.7
Rv0993	MPN_RS03765	34.657	277	173	5	12	287	7	276	2.52e-49	161
Rv1001	MPN_RS03215	28.019	414	263	11	9	400	38	438	2.10e-35	130
Rv1001	MPN_RS01720	32.308	195	127	3	213	402	4	198	1.39e-25	97.8
Rv1001	MPN_RS01715	29.108	213	115	4	1	197	1	193	7.69e-20	82.8
Rv1003	MPN_RS00390	29.710	276	176	9	10	275	8	275	2.18e-28	105
Rv1007c	MPN_RS00130	32.121	495	317	8	1	486	1	485	6.05e-90	280
Rv1007c	MPN_RS02160	32.075	106	64	3	246	343	508	613	2.11e-09	54.7
Rv1007c	MPN_RS02160	22.951	183	126	6	2	174	29	206	2.39e-07	47.8
Rv1007c	MPN_RS02980	40.000	80	38	4	253	326	542	617	2.42e-08	51.2
Rv1007c	MPN_RS02980	36.735	49	31	0	12	60	58	106	8.44e-04	36.6
Rv1007c	MPN_RS02740	25.000	140	99	4	230	365	441	578	1.57e-06	45.4
Rv1007c	MPN_RS02740	50.000	36	18	0	18	53	53	88	1.75e-05	42.0
Rv1008	MPN_RS00045	29.167	264	172	7	2	257	4	260	2.16e-28	104
Rv1010	MPN_RS03825	25.652	230	152	6	28	254	4	217	3.93e-13	63.2
Rv1014c	MPN_RS01240	36.628	172	106	1	1	172	1	169	3.41e-35	117
Rv1017c	MPN_RS00400	41.379	319	180	3	8	322	62	377	6.46e-80	243
Rv1023	MPN_RS03450	51.591	440	194	5	4	424	12	451	1.57e-145	417
Rv1030	MPN_RS01180	23.709	523	330	14	137	598	127	641	3.61e-29	118
Rv1080c	MPN_RS02275	33.846	130	78	4	8	133	7	132	6.56e-17	68.6
Rv1093	MPN_RS03295	48.309	414	203	4	8	419	1	405	2.36e-134	387
Rv1106c	MPN_RS01420	22.892	249	159	6	15	240	6	244	4.43e-05	39.7
Rv1112	MPN_RS00145	43.553	349	187	5	3	341	2	350	1.33e-85	258
Rv1112	MPN_RS03230	30.055	183	104	4	4	179	161	326	3.46e-16	73.9
Rv1127c	MPN_RS03560	36.620	71	39	2	410	480	178	242	1.22e-04	38.9
Rv1165	MPN_RS01540	26.443	537	284	17	4	494	7	478	5.19e-38	144
Rv1165	MPN_RS01270	41.781	146	78	2	3	146	10	150	2.90e-25	105
Rv1165	MPN_RS01270	28.272	191	120	5	219	408	304	478	1.09e-13	68.6
Rv1165	MPN_RS03755	25.902	305	178	12	2	296	11	277	4.83e-17	78.2
Rv1165	MPN_RS00885	32.836	134	70	2	6	139	124	237	2.03e-14	70.9
Rv1166	MPN_RS03750	30.159	63	44	0	381	443	40	102	3.59e-05	40.4
Rv1191	MPN_RS00125	27.419	124	81	3	6	124	3	122	2.91e-06	42.7
Rv1218c	MPN_RS01870	30.317	221	137	6	10	218	7	222	8.22e-27	102
Rv1218c	MPN_RS01425	28.261	230	143	5	7	214	3	232	2.00e-19	83.2
Rv1218c	MPN_RS01425	23.333	240	158	7	7	222	324	561	5.67e-09	51.6
Rv1218c	MPN_RS01075	25.877	228	153	6	1	217	1	223	1.56e-16	73.2
Rv1218c	MPN_RS01080	24.402	209	145	4	22	217	34	242	4.27e-13	63.5
Rv1218c	MPN_RS01220	22.140	271	147	8	10	217	22	291	8.44e-13	63.2
Rv1218c	MPN_RS00440	25.888	197	133	6	10	193	232	428	1.78e-12	62.0
Rv1218c	MPN_RS00775	32.039	103	69	1	1	103	4	105	3.78e-12	61.2
Rv1218c	MPN_RS00775	24.615	130	87	2	131	259	359	478	3.81e-05	39.7
Rv1218c	MPN_RS00110	24.887	221	128	6	25	222	413	618	7.78e-12	60.5
Rv1218c	MPN_RS03465	22.128	235	148	8	10	218	83	308	6.14e-11	57.0
Rv1218c	MPN_RS00305	37.255	102	58	4	5	103	2	100	3.00e-09	52.4
Rv1218c	MPN_RS00305	29.703	101	70	1	137	236	350	450	8.20e-07	44.7
Rv1218c	MPN_RS01225	31.818	88	59	1	136	222	688	775	4.75e-08	48.9
Rv1218c	MPN_RS01225	44.681	47	26	0	22	68	28	74	1.32e-06	44.3
Rv1218c	MPN_RS02365	22.043	186	126	6	25	193	21	204	2.05e-07	45.8
Rv1218c	MPN_RS02445	24.481	241	152	10	31	248	125	358	5.94e-07	45.1
Rv1218c	MPN_RS03855	23.858	197	140	5	26	214	73	267	2.05e-05	40.0
Rv1236	MPN_RS00780	22.167	203	152	2	27	223	30	232	1.35e-08	50.1
Rv1236	MPN_RS00310	27.465	142	76	5	169	296	139	267	1.11e-04	37.7
Rv1237	MPN_RS00315	25.658	152	101	3	62	205	70	217	1.17e-06	43.5
Rv1237	MPN_RS00785	25.000	148	100	4	136	274	174	319	5.42e-05	38.5
Rv1238	MPN_RS00775	56.835	139	60	0	111	249	340	478	1.48e-47	166
Rv1238	MPN_RS00775	51.807	83	40	0	19	101	27	109	4.13e-24	99.0
Rv1238	MPN_RS00305	39.355	155	93	1	105	259	319	472	2.10e-30	117
Rv1238	MPN_RS00305	46.939	98	52	0	4	101	7	104	1.65e-26	105
Rv1238	MPN_RS03845	33.333	201	119	5	20	211	133	327	1.39e-27	106
Rv1238	MPN_RS00440	31.364	220	139	5	4	214	232	448	4.46e-27	107
Rv1238	MPN_RS01075	28.235	255	159	7	20	271	25	258	1.82e-26	102
Rv1238	MPN_RS03465	27.236	246	158	6	6	233	85	327	6.07e-25	99.0
Rv1238	MPN_RS03855	28.205	195	129	4	23	211	75	264	3.03e-22	90.5
Rv1238	MPN_RS01870	27.551	196	133	4	20	211	25	215	1.38e-19	83.6
Rv1238	MPN_RS02365	26.267	217	145	3	4	208	6	219	1.87e-19	81.6
Rv1238	MPN_RS01080	28.507	221	144	7	20	229	37	254	1.92e-19	82.8
Rv1238	MPN_RS01425	28.571	231	143	7	6	218	8	234	3.63e-18	80.9
Rv1238	MPN_RS01220	22.867	293	168	7	3	237	19	311	1.34e-16	75.5
Rv1238	MPN_RS01225	30.088	113	78	1	130	241	683	795	2.21e-16	75.9
Rv1238	MPN_RS01225	27.679	112	72	3	19	121	30	141	5.29e-06	43.1
Rv1238	MPN_RS00105	28.022	182	103	5	20	179	383	558	2.20e-13	66.2
Rv1238	MPN_RS02450	22.273	220	158	5	12	225	10	222	3.66e-13	63.9
Rv1238	MPN_RS00110	21.860	215	141	7	23	222	416	618	6.56e-11	58.5
Rv1238	MPN_RS02445	21.951	205	141	6	20	211	119	317	1.43e-08	50.8
Rv1238	MPN_RS03520	30.909	110	66	4	128	229	488	595	7.97e-05	39.3
Rv1248c	MPN_RS02200	29.237	236	145	7	101	331	171	389	2.79e-14	70.9
Rv1248c	MPN_RS02210	20.359	167	129	2	642	808	157	319	7.27e-05	40.8
Rv1253	MPN_RS03540	30.334	389	243	7	13	390	3	374	1.96e-51	177
Rv1253	MPN_RS02500	25.740	338	210	9	37	362	20	328	6.47e-30	116
Rv1262c	MPN_RS01510	33.663	101	67	0	3	103	12	112	1.12e-20	77.4
Rv1263	MPN_RS01320	24.649	499	296	20	13	456	3	476	3.34e-26	105
Rv1266c	MPN_RS01375	27.700	213	124	8	71	260	100	305	8.88e-15	71.2
Rv1272c	MPN_RS00110	35.628	494	304	6	149	631	141	631	4.39e-106	329
Rv1272c	MPN_RS00105	27.345	501	336	8	155	631	115	611	2.83e-44	162
Rv1272c	MPN_RS03465	27.090	299	182	9	346	621	30	315	7.34e-28	109
Rv1272c	MPN_RS01075	29.565	230	141	5	399	619	12	229	1.27e-22	92.8
Rv1272c	MPN_RS01080	27.650	217	144	7	412	619	36	248	1.23e-16	75.9
Rv1272c	MPN_RS00440	25.984	254	147	12	377	609	214	447	4.35e-15	72.4
Rv1272c	MPN_RS02365	22.747	233	144	10	399	610	8	225	1.47e-14	68.6
Rv1272c	MPN_RS02450	24.889	225	148	6	411	627	17	228	1.51e-14	68.9
Rv1272c	MPN_RS03845	27.358	212	128	6	412	610	132	330	2.89e-13	66.2
Rv1272c	MPN_RS01870	23.581	229	149	8	397	613	7	221	6.43e-12	61.6
Rv1272c	MPN_RS00305	32.000	125	75	4	397	514	7	128	1.24e-11	62.0
Rv1272c	MPN_RS00305	24.719	89	64	2	533	618	348	436	8.52e-04	36.6
Rv1272c	MPN_RS01425	25.114	219	132	8	415	614	25	230	1.33e-11	62.0
Rv1272c	MPN_RS02445	22.881	236	146	7	412	624	118	340	3.60e-10	56.6
Rv1272c	MPN_RS01225	32.967	91	58	2	533	620	687	777	3.59e-09	54.3
Rv1272c	MPN_RS03855	24.057	212	133	7	412	610	71	267	5.54e-09	52.4
Rv1272c	MPN_RS00775	27.957	93	64	1	532	621	362	454	7.08e-08	50.1
Rv1272c	MPN_RS00775	29.268	82	55	2	413	493	28	107	2.70e-06	44.7
Rv1272c	MPN_RS01220	22.615	283	163	11	385	613	11	291	1.91e-07	48.1
Rv1273c	MPN_RS00105	28.824	510	326	9	90	573	115	613	8.68e-56	194
Rv1273c	MPN_RS00110	27.950	483	301	13	114	571	171	631	2.32e-45	164
Rv1273c	MPN_RS01075	26.984	252	169	7	337	581	12	255	1.18e-20	87.0
Rv1273c	MPN_RS03465	26.809	235	162	5	333	559	81	313	5.38e-20	86.3
Rv1273c	MPN_RS02450	25.664	226	144	6	334	550	1	211	2.45e-15	71.2
Rv1273c	MPN_RS03845	29.187	209	133	5	351	552	132	332	2.63e-15	72.0
Rv1273c	MPN_RS01080	26.339	224	149	7	348	561	33	250	6.14e-15	70.5
Rv1273c	MPN_RS00440	26.531	294	160	10	274	549	192	447	2.70e-13	66.6
Rv1273c	MPN_RS03855	28.019	207	132	5	351	550	71	267	3.63e-11	58.9
Rv1273c	MPN_RS02365	21.459	233	161	7	331	550	2	225	5.37e-11	57.8
Rv1273c	MPN_RS01425	23.364	214	154	5	355	558	348	561	2.41e-10	57.8
Rv1273c	MPN_RS01425	23.474	213	146	7	354	552	25	234	1.52e-08	52.0
Rv1273c	MPN_RS01225	36.667	90	54	2	474	560	688	777	4.50e-10	57.0
Rv1273c	MPN_RS00775	31.765	85	55	1	473	554	363	447	2.36e-09	54.3
Rv1273c	MPN_RS00775	28.000	100	65	3	352	446	28	125	3.30e-04	37.7
Rv1273c	MPN_RS01220	24.615	260	139	8	355	561	44	299	6.35e-09	52.8
Rv1273c	MPN_RS02445	22.488	209	147	6	351	550	118	320	1.39e-07	48.5
Rv1273c	MPN_RS00305	29.412	85	57	2	473	554	348	432	6.02e-07	46.6
Rv1273c	MPN_RS00305	29.703	101	67	3	334	433	6	103	3.56e-06	44.3
Rv1273c	MPN_RS01870	20.179	223	149	9	351	561	24	229	7.51e-07	45.8
Rv1281c	MPN_RS01220	32.764	351	198	2	4	317	21	370	7.24e-68	222
Rv1281c	MPN_RS01220	28.713	303	163	6	348	605	20	314	1.34e-40	148
Rv1281c	MPN_RS01225	51.562	128	62	0	478	605	666	793	1.13e-36	140
Rv1281c	MPN_RS01225	37.594	133	81	1	129	261	664	794	6.26e-25	104
Rv1281c	MPN_RS01225	37.234	94	57	1	374	465	28	121	2.00e-14	71.2
Rv1281c	MPN_RS01225	31.304	115	73	3	2	114	9	119	2.74e-09	54.7
Rv1281c	MPN_RS01080	33.333	225	140	5	369	588	29	248	1.19e-30	117
Rv1281c	MPN_RS01080	31.148	244	157	7	4	245	16	250	9.14e-24	97.1
Rv1281c	MPN_RS03465	33.047	233	137	10	380	601	102	326	4.70e-26	104
Rv1281c	MPN_RS03465	26.210	248	163	9	2	243	80	313	2.40e-17	78.2
Rv1281c	MPN_RS01075	31.556	225	131	9	24	244	25	230	2.72e-24	97.8
Rv1281c	MPN_RS01075	30.317	221	147	5	370	590	18	231	1.23e-23	95.9
Rv1281c	MPN_RS00305	35.385	130	83	1	472	601	322	450	1.32e-23	99.8
Rv1281c	MPN_RS00305	24.691	162	119	1	96	257	293	451	2.85e-15	73.6
Rv1281c	MPN_RS00305	34.783	92	53	2	376	467	22	106	3.44e-06	44.3
Rv1281c	MPN_RS00440	31.532	222	136	7	14	233	240	447	3.37e-23	97.8
Rv1281c	MPN_RS00440	31.220	205	130	6	377	578	251	447	3.78e-20	88.2
Rv1281c	MPN_RS03845	31.280	211	132	6	373	579	129	330	4.79e-20	86.7
Rv1281c	MPN_RS03845	28.311	219	142	6	19	236	128	332	2.64e-19	84.3
Rv1281c	MPN_RS00775	33.077	130	83	1	473	602	341	466	2.75e-18	83.2
Rv1281c	MPN_RS00775	28.448	116	82	1	152	267	361	475	2.60e-10	57.8
Rv1281c	MPN_RS00775	25.957	235	149	8	371	599	22	237	2.71e-09	54.3
Rv1281c	MPN_RS01425	23.372	599	364	24	17	580	16	554	8.47e-18	81.6
Rv1281c	MPN_RS01425	23.377	231	150	9	372	588	18	235	3.89e-07	47.4
Rv1281c	MPN_RS01425	22.363	237	152	9	25	246	346	565	5.27e-05	40.4
Rv1281c	MPN_RS01870	22.047	254	164	6	1	246	3	230	4.88e-17	77.4
Rv1281c	MPN_RS01870	18.939	264	191	6	349	612	6	246	9.61e-10	55.1
Rv1281c	MPN_RS03855	29.730	222	145	4	361	579	54	267	6.15e-17	76.3
Rv1281c	MPN_RS03855	27.404	208	136	6	27	234	75	267	1.31e-16	75.5
Rv1281c	MPN_RS02445	25.541	231	151	7	24	248	119	334	1.41e-14	70.5
Rv1281c	MPN_RS02445	26.699	206	136	5	392	590	134	331	3.45e-12	63.2
Rv1281c	MPN_RS02365	22.131	244	168	8	12	248	11	239	5.38e-14	67.0
Rv1281c	MPN_RS02365	23.394	218	152	7	377	585	21	232	1.35e-12	62.8
Rv1281c	MPN_RS02450	24.715	263	176	8	4	265	1	242	1.46e-13	65.9
Rv1281c	MPN_RS02450	25.962	208	140	7	376	581	18	213	7.15e-08	48.9
Rv1281c	MPN_RS00110	26.106	226	128	9	379	587	415	618	3.55e-11	60.5
Rv1281c	MPN_RS00110	26.496	234	133	12	26	246	415	622	3.85e-10	57.0
Rv1281c	MPN_RS00105	30.120	166	96	4	380	531	386	545	1.05e-10	58.9
Rv1281c	MPN_RS00105	26.923	182	109	6	24	193	383	552	3.02e-08	51.2
Rv1281c	MPN_RS03520	26.812	138	86	4	477	603	813	946	7.46e-05	40.4
Rv1282c	MPN_RS01215	29.114	237	144	8	64	288	152	376	5.84e-16	72.0
Rv1283c	MPN_RS01210	25.890	309	202	6	24	325	10	298	9.66e-35	125
Rv1286	MPN_RS03755	25.625	320	181	13	5	304	13	295	1.64e-14	70.5
Rv1286	MPN_RS01540	27.673	159	83	6	13	163	15	149	1.37e-07	48.9
Rv1286	MPN_RS01270	27.059	170	103	6	13	181	19	168	1.03e-05	43.1
Rv1292	MPN_RS03190	34.396	439	272	7	122	550	105	537	3.09e-77	248
Rv1297	MPN_RS03420	29.187	209	122	8	307	498	122	321	2.06e-09	54.7
Rv1297	MPN_RS03410	25.267	281	189	9	289	556	89	361	2.62e-07	47.8
Rv1298	MPN_RS02025	29.851	67	46	1	1	66	1	67	2.21e-09	45.1
Rv1299	MPN_RS02030	37.607	351	202	4	10	354	15	354	5.05e-79	241
Rv1300	MPN_RS02035	28.834	163	107	3	86	248	67	220	5.81e-18	79.0
Rv1304	MPN_RS03440	28.696	115	51	5	162	250	168	277	1.02e-04	37.4
Rv1305	MPN_RS03435	35.526	76	46	2	2	75	28	102	1.27e-07	40.4
Rv1308	MPN_RS03420	48.228	508	249	3	15	522	12	505	1.16e-177	506
Rv1308	MPN_RS03410	27.160	405	268	10	74	473	58	440	7.24e-30	117
Rv1309	MPN_RS03415	24.510	306	180	11	3	292	2	272	1.32e-23	92.8
Rv1310	MPN_RS03410	59.785	465	182	2	19	482	7	467	0.0	552
Rv1310	MPN_RS03420	23.762	404	292	9	28	425	29	422	4.99e-18	81.3
Rv1348	MPN_RS00110	27.888	502	315	12	366	840	147	628	4.81e-54	193
Rv1348	MPN_RS00105	23.541	514	334	18	366	840	115	608	9.19e-26	107
Rv1348	MPN_RS03465	28.980	245	153	5	603	832	76	314	5.23e-25	101
Rv1348	MPN_RS01075	25.941	239	157	5	602	831	2	229	1.54e-24	99.0
Rv1348	MPN_RS03845	30.093	216	126	10	620	822	127	330	1.33e-20	89.0
Rv1348	MPN_RS01080	30.493	223	133	8	623	831	34	248	5.37e-16	74.3
Rv1348	MPN_RS02445	25.837	209	142	5	625	824	118	322	1.39e-14	71.2
Rv1348	MPN_RS01425	28.774	212	130	8	628	822	25	232	1.63e-14	71.6
Rv1348	MPN_RS01425	22.596	208	147	6	629	823	348	554	1.82e-07	49.3
Rv1348	MPN_RS02450	25.463	216	148	6	614	824	6	213	1.63e-13	66.6
Rv1348	MPN_RS02365	22.511	231	150	6	610	822	6	225	3.25e-13	65.1
Rv1348	MPN_RS00440	26.906	223	139	10	611	821	237	447	9.64e-12	62.8
Rv1348	MPN_RS03855	24.481	241	161	7	595	822	35	267	2.07e-11	60.5
Rv1348	MPN_RS01220	23.810	273	150	10	614	831	28	297	8.99e-10	56.2
Rv1348	MPN_RS01225	36.667	90	54	2	746	832	688	777	1.39e-09	56.2
Rv1348	MPN_RS00305	31.496	127	71	5	619	732	16	139	2.30e-09	55.1
Rv1348	MPN_RS00305	27.381	84	58	2	746	826	349	432	6.73e-05	40.8
Rv1348	MPN_RS01870	22.172	221	145	9	617	825	16	221	2.51e-07	48.1
Rv1348	MPN_RS00775	30.000	90	60	1	744	830	362	451	2.71e-06	45.4
Rv1348	MPN_RS00775	23.301	103	75	3	605	706	8	107	5.66e-04	37.7
Rv1348	MPN_RS03270	22.286	175	120	2	643	816	494	653	8.93e-05	40.4
Rv1348	MPN_RS03520	32.692	104	57	5	740	831	829	931	3.35e-04	38.9
Rv1349	MPN_RS00110	36.441	236	149	1	331	566	396	630	8.36e-55	191
Rv1349	MPN_RS00105	30.035	283	184	5	300	570	334	614	8.40e-36	137
Rv1349	MPN_RS00440	32.143	224	134	7	332	545	232	447	7.51e-22	93.2
Rv1349	MPN_RS02365	24.082	245	155	6	328	554	2	233	2.38e-21	88.6
Rv1349	MPN_RS01075	25.316	237	159	5	334	563	12	237	2.59e-21	89.0
Rv1349	MPN_RS03465	27.682	289	179	10	284	556	40	314	3.44e-21	89.7
Rv1349	MPN_RS03845	29.187	209	132	5	348	548	132	332	1.47e-17	79.0
Rv1349	MPN_RS03855	28.365	208	133	3	348	548	71	269	2.91e-16	74.3
Rv1349	MPN_RS01080	27.477	222	138	8	348	555	36	248	6.68e-15	70.5
Rv1349	MPN_RS01425	23.223	211	147	6	335	532	9	217	3.31e-14	70.1
Rv1349	MPN_RS00775	34.513	113	67	4	332	443	13	119	4.08e-13	66.6
Rv1349	MPN_RS00775	29.231	130	73	3	444	554	322	451	8.61e-07	46.2
Rv1349	MPN_RS02450	24.219	256	160	8	336	573	6	245	5.89e-13	64.3
Rv1349	MPN_RS00305	35.052	97	59	3	332	427	7	100	2.19e-11	60.8
Rv1349	MPN_RS00305	31.395	86	56	2	468	550	347	432	1.56e-05	42.0
Rv1349	MPN_RS01870	22.374	219	142	10	348	554	24	226	5.37e-11	58.9
Rv1349	MPN_RS01225	35.955	89	54	2	470	555	688	776	1.21e-10	58.9
Rv1349	MPN_RS01225	29.762	84	54	1	339	417	21	104	2.31e-05	41.6
Rv1349	MPN_RS02445	23.874	222	155	7	344	556	114	330	1.31e-09	54.7
Rv1349	MPN_RS01220	22.593	270	159	8	337	556	29	298	3.98e-07	47.0
Rv1380	MPN_RS01725	35.714	154	91	4	42	195	8	153	1.50e-20	85.1
Rv1389	MPN_RS01365	38.043	184	110	3	21	202	5	186	4.03e-40	130
Rv1392	MPN_RS00330	38.346	399	211	11	8	403	13	379	1.20e-86	263
Rv1406	MPN_RS03125	23.794	311	220	7	1	304	2	302	2.35e-26	101
Rv1408	MPN_RS01390	31.579	190	118	6	18	204	17	197	2.75e-19	78.2
Rv1420	MPN_RS00710	25.000	616	406	16	15	622	16	583	2.41e-48	173
Rv1436	MPN_RS02435	52.493	341	146	6	2	337	7	336	6.27e-117	337
Rv1437	MPN_RS02430	40.482	415	229	10	3	405	1	409	4.33e-84	258
Rv1438	MPN_RS03570	35.039	254	154	4	3	256	2	244	4.25e-44	144
Rv1449c	MPN_RS00445	32.836	670	390	19	33	686	10	635	5.83e-101	318
Rv1458c	MPN_RS01075	27.381	252	148	5	14	244	12	249	4.62e-30	110
Rv1458c	MPN_RS00440	31.390	223	136	7	5	213	226	445	3.87e-23	94.0
Rv1458c	MPN_RS01080	27.679	224	139	6	24	229	34	252	5.54e-21	86.3
Rv1458c	MPN_RS03855	29.437	231	141	8	3	217	44	268	4.36e-19	80.5
Rv1458c	MPN_RS03845	26.442	208	133	4	24	217	130	331	1.30e-16	73.9
Rv1458c	MPN_RS01425	23.297	279	172	8	8	260	2	264	1.51e-16	74.7
Rv1458c	MPN_RS01425	22.467	227	144	8	14	213	329	550	1.97e-09	53.1
Rv1458c	MPN_RS00775	33.333	120	75	3	129	243	352	471	8.53e-16	72.4
Rv1458c	MPN_RS00775	27.174	92	66	1	6	97	7	97	1.19e-10	56.6
Rv1458c	MPN_RS03465	25.991	227	147	8	30	237	102	326	3.18e-15	70.1
Rv1458c	MPN_RS00305	40.659	91	53	1	138	227	349	439	1.14e-14	68.9
Rv1458c	MPN_RS00305	34.848	66	42	1	10	74	5	70	1.15e-08	50.4
Rv1458c	MPN_RS00110	26.291	213	137	8	30	228	416	622	2.11e-14	68.2
Rv1458c	MPN_RS01870	24.380	242	137	6	38	254	36	256	2.20e-14	67.4
Rv1458c	MPN_RS02450	26.786	224	146	10	26	238	18	234	1.04e-13	64.7
Rv1458c	MPN_RS02365	23.404	235	159	5	11	227	5	236	1.95e-13	63.5
Rv1458c	MPN_RS02445	25.105	239	139	6	27	239	119	343	2.13e-13	64.7
Rv1458c	MPN_RS01225	28.571	133	91	3	95	225	646	776	1.37e-12	62.8
Rv1458c	MPN_RS00105	24.664	223	142	7	27	227	383	601	1.22e-09	53.5
Rv1458c	MPN_RS01220	25.547	137	88	3	121	253	189	315	6.00e-09	51.2
Rv1458c	MPN_RS03520	33.333	114	63	4	122	227	483	591	3.00e-05	40.0
Rv1458c	MPN_RS03520	28.866	97	59	3	138	225	836	931	9.45e-05	38.5
Rv1463	MPN_RS02365	22.564	195	133	5	24	209	19	204	9.00e-11	55.5
Rv1463	MPN_RS01075	24.885	217	145	6	22	234	21	223	3.21e-10	53.9
Rv1463	MPN_RS00110	24.454	229	153	8	24	247	411	624	3.81e-10	54.7
Rv1463	MPN_RS00440	22.170	212	146	7	3	209	231	428	7.22e-10	53.5
Rv1463	MPN_RS01220	23.630	292	161	10	3	245	21	299	1.65e-09	52.4
Rv1463	MPN_RS01080	24.545	220	151	6	21	234	32	242	1.81e-08	48.9
Rv1463	MPN_RS00105	25.743	202	128	6	4	193	365	556	1.94e-08	49.3
Rv1463	MPN_RS03845	22.271	229	155	7	18	242	125	334	2.55e-07	45.4
Rv1463	MPN_RS03465	21.951	246	166	8	2	237	81	310	3.93e-07	45.1
Rv1463	MPN_RS01870	22.699	163	105	6	25	182	24	170	4.32e-07	45.1
Rv1463	MPN_RS01425	22.917	192	134	7	27	209	346	532	1.44e-06	43.5
Rv1463	MPN_RS01425	44.186	43	22	1	29	71	26	66	8.76e-04	35.0
Rv1463	MPN_RS00305	34.328	67	38	2	26	90	23	85	3.66e-06	42.4
Rv1463	MPN_RS01225	28.182	110	77	2	128	237	666	773	9.92e-06	41.2
Rv1463	MPN_RS02450	21.702	235	153	6	21	254	14	218	2.59e-05	39.3
Rv1463	MPN_RS00775	36.923	65	35	2	28	90	30	90	8.40e-05	38.1
Rv1463	MPN_RS03855	20.502	239	152	9	13	244	66	273	5.06e-04	35.4
Rv1464	MPN_RS02775	27.720	386	256	10	27	403	20	391	2.57e-37	135
Rv1469	MPN_RS01180	26.521	641	342	29	90	617	41	665	4.92e-25	105
Rv1470	MPN_RS01450	27.451	102	74	0	1	102	1	102	3.41e-13	56.2
Rv1471	MPN_RS01450	36.275	102	65	0	1	102	1	102	6.42e-23	81.3
Rv1473	MPN_RS03845	27.404	208	108	7	350	526	132	327	1.25e-14	70.1
Rv1473	MPN_RS01075	26.904	197	107	6	340	508	14	201	4.28e-13	64.3
Rv1473	MPN_RS01075	24.537	216	104	6	26	227	32	202	3.41e-09	52.8
Rv1473	MPN_RS00440	31.694	183	98	7	350	508	250	429	5.83e-13	65.5
Rv1473	MPN_RS00440	27.027	222	126	8	21	238	253	442	2.98e-08	50.4
Rv1473	MPN_RS03855	26.667	210	129	6	354	541	75	281	3.85e-12	61.6
Rv1473	MPN_RS03855	21.296	216	133	6	17	228	70	252	1.12e-04	38.9
Rv1473	MPN_RS03465	22.039	304	190	10	252	522	9	298	9.98e-12	60.8
Rv1473	MPN_RS02365	24.201	219	123	6	20	227	22	208	1.22e-11	59.7
Rv1473	MPN_RS02365	21.287	202	128	5	336	508	6	205	8.92e-09	51.2
Rv1473	MPN_RS02445	30.052	193	93	8	349	508	117	300	1.04e-10	58.2
Rv1473	MPN_RS02445	24.324	222	138	7	26	245	126	319	4.69e-05	40.4
Rv1473	MPN_RS00110	26.809	235	146	5	278	491	343	572	1.71e-10	58.2
Rv1473	MPN_RS00110	40.000	40	24	0	21	60	415	454	6.59e-05	40.0
Rv1473	MPN_RS01425	23.404	188	108	6	354	507	26	211	4.20e-09	53.5
Rv1473	MPN_RS02450	27.907	172	106	6	354	508	22	192	5.12e-09	52.0
Rv1473	MPN_RS01080	22.843	197	113	4	343	507	29	218	8.63e-09	51.6
Rv1473	MPN_RS01080	24.545	220	125	9	34	245	52	238	3.42e-05	40.4
Rv1473	MPN_RS01220	23.810	273	160	10	6	242	26	286	3.09e-08	50.4
Rv1473	MPN_RS01870	24.000	200	120	8	334	507	4	197	1.06e-07	48.5
Rv1473	MPN_RS01870	27.119	59	33	1	23	71	29	87	2.71e-04	37.7
Rv1473	MPN_RS00775	32.099	81	51	1	446	522	357	437	5.94e-07	46.6
Rv1473	MPN_RS00775	27.619	105	63	4	124	224	328	423	5.65e-05	40.4
Rv1473	MPN_RS00775	37.500	48	30	0	17	64	26	73	1.60e-04	38.9
Rv1473	MPN_RS00305	36.709	79	45	2	453	527	349	426	8.16e-07	46.2
Rv1473	MPN_RS00305	46.429	56	27	2	340	393	11	65	9.22e-07	45.8
Rv1473	MPN_RS00305	42.857	49	27	1	23	70	27	75	1.61e-05	42.0
Rv1473	MPN_RS03520	28.090	89	57	3	143	228	817	901	3.42e-04	37.7
Rv1511	MPN_RS01420	22.462	325	216	10	3	305	7	317	9.55e-13	62.8
Rv1512	MPN_RS01420	26.455	189	131	5	49	232	58	243	1.14e-10	56.2
Rv1516c	MPN_RS00155	27.368	95	68	1	10	103	8	102	8.10e-09	50.8
Rv1518	MPN_RS00155	28.906	128	80	4	16	133	4	130	3.00e-07	45.8
Rv1518	MPN_RS00405	28.058	139	87	4	19	150	3	135	3.20e-06	42.7
Rv1520	MPN_RS00155	30.526	95	65	1	1	94	7	101	3.49e-09	52.0
Rv1520	MPN_RS00405	22.069	145	108	4	1	143	3	144	2.16e-05	40.0
Rv1536	MPN_RS02980	26.747	744	478	21	16	742	20	713	2.91e-65	232
Rv1536	MPN_RS02740	22.420	843	499	29	12	831	9	719	2.01e-31	127
Rv1536	MPN_RS00130	26.257	179	91	6	54	219	12	162	5.40e-10	57.4
Rv1536	MPN_RS02160	22.423	388	229	14	44	387	30	389	1.44e-09	56.6
Rv1536	MPN_RS02160	27.778	198	122	7	467	647	404	597	4.25e-09	55.1
Rv1537	MPN_RS03095	27.003	337	229	6	12	340	31	358	7.64e-30	115
Rv1540	MPN_RS01615	32.270	282	173	7	13	287	9	279	4.48e-38	132
Rv1540	MPN_RS03150	23.779	307	217	10	1	293	1	304	5.80e-15	68.9
Rv1547	MPN_RS02130	33.989	559	343	7	314	868	243	779	3.12e-102	339
Rv1547	MPN_RS02130	34.328	67	43	1	10	76	2	67	6.13e-06	45.1
Rv1547	MPN_RS00185	21.336	539	280	18	338	815	844	1299	2.30e-12	66.2
Rv1614	MPN_RS01255	27.174	184	99	5	3	155	1	180	9.63e-08	48.5
Rv1617	MPN_RS01670	35.112	356	201	7	3	329	6	360	3.80e-61	203
Rv1620c	MPN_RS00110	22.442	557	376	17	16	541	61	592	1.92e-26	108
Rv1620c	MPN_RS00105	20.601	233	165	7	306	522	329	557	2.13e-10	57.8
Rv1620c	MPN_RS02365	23.232	198	122	6	357	539	22	204	2.18e-10	56.2
Rv1620c	MPN_RS00440	29.016	193	105	9	363	540	254	429	5.20e-09	53.1
Rv1620c	MPN_RS01075	24.336	226	142	10	349	562	15	223	1.23e-08	51.2
Rv1620c	MPN_RS01080	24.479	192	115	7	373	549	52	228	2.73e-08	50.1
Rv1620c	MPN_RS02445	26.994	163	98	5	360	510	121	274	5.29e-07	46.6
Rv1620c	MPN_RS01870	23.171	164	111	6	361	520	28	180	1.19e-06	45.1
Rv1620c	MPN_RS03845	24.324	185	124	6	361	539	136	310	1.81e-06	44.7
Rv1620c	MPN_RS03465	23.267	202	138	7	361	552	102	296	2.38e-06	44.3
Rv1620c	MPN_RS02450	24.365	197	125	6	360	549	21	200	6.17e-06	42.7
Rv1620c	MPN_RS00305	34.615	52	33	1	358	408	22	73	1.42e-05	42.4
Rv1620c	MPN_RS03270	27.612	134	81	2	371	504	490	607	2.10e-04	38.5
Rv1620c	MPN_RS00775	41.667	48	26	1	362	407	30	77	3.37e-04	37.7
Rv1620c	MPN_RS00775	41.176	34	20	0	479	512	364	397	4.47e-04	37.4
Rv1621c	MPN_RS00110	27.586	261	178	7	271	524	351	607	5.06e-26	106
Rv1621c	MPN_RS01075	22.843	197	138	3	333	522	27	216	2.40e-15	71.2
Rv1621c	MPN_RS02365	25.581	215	147	4	315	518	5	217	1.14e-14	68.6
Rv1621c	MPN_RS03845	26.829	246	147	12	298	524	96	327	1.41e-14	69.7
Rv1621c	MPN_RS01425	27.014	211	131	7	316	507	6	212	3.64e-14	69.7
Rv1621c	MPN_RS00105	26.744	172	105	3	333	487	385	552	1.84e-13	67.4
Rv1621c	MPN_RS01870	25.714	210	131	6	308	506	2	197	3.96e-13	65.1
Rv1621c	MPN_RS00440	31.414	191	110	9	345	524	265	445	1.65e-12	63.9
Rv1621c	MPN_RS03465	23.853	218	130	9	312	506	79	283	3.98e-12	62.0
Rv1621c	MPN_RS01080	28.796	191	117	7	341	518	47	231	5.16e-12	61.6
Rv1621c	MPN_RS03855	27.411	197	122	5	338	524	79	264	1.97e-11	59.7
Rv1621c	MPN_RS02445	21.459	233	153	6	293	506	78	299	3.24e-10	56.6
Rv1621c	MPN_RS00775	35.000	80	49	2	333	411	30	107	6.11e-07	46.6
Rv1621c	MPN_RS00775	42.857	42	24	0	441	482	356	397	9.86e-05	39.3
Rv1621c	MPN_RS00305	38.000	50	31	0	333	382	25	74	1.55e-06	45.1
Rv1621c	MPN_RS00305	30.275	109	60	4	419	522	327	424	2.12e-06	44.7
Rv1621c	MPN_RS02450	23.267	202	118	8	334	518	22	203	1.05e-04	38.9
Rv1621c	MPN_RS03520	29.630	81	55	1	442	520	488	568	1.75e-04	38.9
Rv1621c	MPN_RS03520	26.000	100	65	2	428	524	821	914	6.11e-04	37.0
Rv1621c	MPN_RS01225	35.714	56	35	1	452	506	691	746	6.21e-04	37.0
Rv1629	MPN_RS02135	33.099	284	187	2	18	298	5	288	2.55e-42	151
Rv1633	MPN_RS01190	44.331	688	335	6	7	691	11	653	0.0	574
Rv1638	MPN_RS03520	49.424	955	463	7	3	953	9	947	0.0	939
Rv1638	MPN_RS01080	28.125	128	75	6	471	592	130	246	3.01e-08	50.8
Rv1638	MPN_RS01080	31.858	113	67	3	826	937	144	247	2.35e-07	48.1
Rv1638	MPN_RS01220	24.471	331	182	13	637	955	41	315	1.21e-07	49.7
Rv1638	MPN_RS01220	28.283	99	61	4	501	597	209	299	5.31e-04	38.1
Rv1638	MPN_RS01425	35.065	77	47	1	833	909	144	217	4.62e-07	48.1
Rv1638	MPN_RS01075	30.841	107	64	3	832	937	131	228	1.81e-06	45.4
Rv1638	MPN_RS01075	26.190	84	60	1	494	577	136	217	6.25e-05	40.4
Rv1638	MPN_RS02365	37.662	77	43	3	843	917	146	219	7.90e-06	43.1
Rv1638	MPN_RS02445	30.208	96	63	3	483	577	225	317	1.75e-05	42.7
Rv1638	MPN_RS03855	31.579	76	48	2	843	917	189	261	2.31e-05	42.0
Rv1638	MPN_RS03855	29.213	89	50	4	501	586	189	267	3.44e-04	38.1
Rv1638	MPN_RS03465	28.814	118	75	3	493	609	219	328	3.11e-04	38.5
Rv1638	MPN_RS03465	25.000	152	85	6	791	941	193	316	7.30e-04	37.4
Rv1640c	MPN_RS01530	37.751	498	281	7	681	1167	4	483	3.50e-99	319
Rv1640c	MPN_RS00240	24.386	529	301	24	718	1167	18	526	3.63e-21	93.6
Rv1641	MPN_RS00655	36.508	126	80	0	7	132	37	162	7.73e-24	89.0
Rv1642	MPN_RS00660	39.655	58	35	0	5	62	2	59	2.94e-08	40.4
Rv1643	MPN_RS00665	37.607	117	73	0	3	119	2	118	4.34e-24	85.1
Rv1644	MPN_RS01985	29.927	137	96	0	115	251	102	238	5.23e-16	70.1
Rv1649	MPN_RS00600	30.169	295	190	6	54	337	50	339	3.88e-43	147
Rv1650	MPN_RS00605	23.660	541	351	16	68	576	63	573	6.04e-33	131
Rv1650	MPN_RS03745	37.838	74	46	0	68	141	125	198	2.10e-10	56.6
Rv1654	MPN_RS01730	31.461	89	54	3	185	269	204	289	1.91e-04	37.0
Rv1656	MPN_RS01725	33.333	309	167	5	31	304	3	307	1.62e-54	175
Rv1687c	MPN_RS02365	25.532	235	158	5	14	231	2	236	4.89e-25	94.7
Rv1687c	MPN_RS01870	27.619	210	146	4	29	232	21	230	1.07e-23	92.8
Rv1687c	MPN_RS03465	27.481	262	152	13	4	233	67	322	6.04e-23	90.5
Rv1687c	MPN_RS00440	34.831	178	106	4	33	200	251	428	2.19e-19	81.6
Rv1687c	MPN_RS01075	25.871	201	141	3	33	225	25	225	1.54e-18	77.8
Rv1687c	MPN_RS02450	26.047	215	144	5	27	231	13	222	2.78e-17	73.9
Rv1687c	MPN_RS03845	35.762	151	88	3	33	174	133	283	2.93e-17	74.7
Rv1687c	MPN_RS03855	29.500	200	133	3	30	221	69	268	1.22e-16	72.4
Rv1687c	MPN_RS01080	28.194	227	139	8	33	243	37	255	2.66e-15	68.9
Rv1687c	MPN_RS01425	25.243	206	132	5	35	218	25	230	2.80e-13	63.9
Rv1687c	MPN_RS01425	22.705	207	137	5	36	220	348	553	2.69e-06	42.7
Rv1687c	MPN_RS00775	38.710	93	54	2	123	213	344	435	2.94e-11	57.8
Rv1687c	MPN_RS00775	26.415	106	77	1	7	111	2	107	2.86e-06	42.7
Rv1687c	MPN_RS00105	27.647	170	100	5	27	174	377	545	3.82e-11	57.4
Rv1687c	MPN_RS02445	27.311	238	142	11	7	220	90	320	5.85e-11	56.6
Rv1687c	MPN_RS00305	33.333	102	66	2	126	225	332	433	7.91e-10	53.5
Rv1687c	MPN_RS00305	29.268	82	57	1	31	111	21	102	2.43e-07	45.8
Rv1687c	MPN_RS01220	23.358	274	147	9	7	220	18	288	2.79e-09	51.6
Rv1687c	MPN_RS01225	27.885	104	72	3	120	220	664	767	7.20e-08	47.8
Rv1687c	MPN_RS01225	26.316	114	70	4	8	109	2	113	7.30e-04	35.0
Rv1687c	MPN_RS00110	21.719	221	143	7	33	233	413	623	1.08e-06	43.9
Rv1687c	MPN_RS03520	37.500	64	38	1	139	200	491	554	2.07e-04	37.0
Rv1689	MPN_RS03775	36.000	425	242	8	1	424	1	396	1.42e-78	244
Rv1695	MPN_RS01470	22.222	243	171	6	64	297	22	255	1.21e-10	55.5
Rv1708	MPN_RS03870	28.295	258	158	9	66	313	2	242	5.89e-24	94.0
Rv1709	MPN_RS01655	22.581	124	96	0	22	145	160	283	1.78e-07	46.6
Rv1710	MPN_RS01660	28.448	116	82	1	74	188	71	186	1.01e-16	70.9
Rv1711	MPN_RS01615	25.532	235	139	7	15	216	12	243	1.70e-05	39.7
Rv1712	MPN_RS02720	33.333	216	129	6	9	220	5	209	7.86e-35	119
Rv1713	MPN_RS02715	31.818	440	289	6	29	458	4	442	5.17e-80	250
Rv1713	MPN_RS00040	36.220	127	76	2	199	325	217	338	1.61e-16	76.3
Rv1713	MPN_RS00040	33.333	117	76	1	29	145	220	334	9.31e-11	58.2
Rv1713	MPN_RS02745	28.777	139	79	6	17	145	11	139	8.01e-09	50.1
Rv1713	MPN_RS02745	24.277	173	122	5	200	368	21	188	5.51e-07	44.7
Rv1713	MPN_RS03710	36.842	57	29	2	29	83	120	171	1.15e-04	38.5
Rv1713	MPN_RS03710	27.389	157	94	5	83	234	11	152	2.23e-04	37.4
Rv1713	MPN_RS03230	31.159	138	74	8	201	326	161	289	3.18e-04	37.4
Rv1713	MPN_RS00145	30.337	89	44	3	204	274	6	94	3.63e-04	37.0
Rv1734c	MPN_RS02200	35.714	56	32	2	1	54	321	374	2.29e-04	32.7
Rv1743	MPN_RS01375	26.636	214	124	8	71	259	100	305	1.10e-15	73.6
Rv1746	MPN_RS01375	33.113	151	80	6	87	221	114	259	3.44e-13	65.5
Rv1747	MPN_RS01075	27.919	197	137	3	334	528	24	217	2.33e-23	95.9
Rv1747	MPN_RS01080	28.125	256	143	9	284	528	11	236	1.92e-22	93.6
Rv1747	MPN_RS03465	26.457	223	147	7	319	528	83	301	1.51e-19	85.5
Rv1747	MPN_RS00440	28.033	239	153	7	308	538	228	455	3.02e-17	80.1
Rv1747	MPN_RS02365	27.941	204	131	8	334	525	20	219	3.03e-17	77.0
Rv1747	MPN_RS02450	30.612	196	128	6	335	528	19	208	1.34e-16	75.9
Rv1747	MPN_RS03855	25.980	204	138	4	331	528	68	264	3.92e-15	71.6
Rv1747	MPN_RS01425	22.927	205	143	4	338	528	26	229	7.63e-15	72.8
Rv1747	MPN_RS01425	24.123	228	136	10	321	526	329	541	1.60e-08	52.4
Rv1747	MPN_RS01870	27.570	214	141	9	334	542	24	228	3.15e-14	69.3
Rv1747	MPN_RS00110	21.719	221	156	5	317	528	395	607	4.54e-13	67.4
Rv1747	MPN_RS00105	26.286	175	115	6	331	492	379	552	9.08e-13	66.2
Rv1747	MPN_RS03845	23.881	201	142	4	334	528	132	327	1.29e-12	64.7
Rv1747	MPN_RS01220	22.348	264	151	8	319	528	22	285	3.11e-12	63.9
Rv1747	MPN_RS02445	27.885	208	129	8	334	528	118	317	9.72e-12	62.4
Rv1747	MPN_RS00775	26.946	167	116	5	376	540	289	451	2.94e-10	58.2
Rv1747	MPN_RS00775	31.395	86	58	1	330	415	23	107	8.44e-09	53.5
Rv1747	MPN_RS01225	36.709	79	48	2	453	529	687	765	5.09e-10	57.8
Rv1747	MPN_RS01225	31.944	72	43	1	335	400	31	102	6.39e-04	37.7
Rv1747	MPN_RS00305	28.099	121	86	1	421	540	316	436	8.97e-08	50.1
Rv1747	MPN_RS00305	29.592	98	66	2	319	415	7	102	2.34e-07	48.9
Rv1747	MPN_RS03520	30.526	95	58	2	454	540	836	930	1.51e-07	49.7
Rv1747	MPN_RS03520	22.872	188	106	7	400	569	435	601	5.04e-06	44.7
Rv1798	MPN_RS03060	26.994	163	104	7	349	502	52	208	1.06e-05	42.7
Rv1798	MPN_RS03790	37.500	64	37	1	306	369	220	280	1.45e-04	39.3
Rv1819c	MPN_RS03855	29.012	162	104	2	442	593	71	231	8.83e-10	54.7
Rv1819c	MPN_RS00440	28.571	217	125	8	421	614	226	435	2.65e-09	54.3
Rv1819c	MPN_RS00110	23.041	217	143	6	416	613	385	596	1.02e-07	49.3
Rv1819c	MPN_RS00105	24.862	181	111	4	442	598	382	561	3.67e-07	47.8
Rv1819c	MPN_RS01075	27.473	182	111	7	442	607	24	200	6.08e-07	46.2
Rv1819c	MPN_RS03465	24.865	185	119	6	446	610	102	286	1.31e-06	45.4
Rv1819c	MPN_RS03845	28.495	186	112	7	447	614	135	317	7.04e-06	43.1
Rv1819c	MPN_RS01225	30.769	78	52	1	551	626	688	765	1.52e-05	42.4
Rv1819c	MPN_RS00775	38.182	55	34	0	551	605	364	418	5.11e-05	40.8
Rv1819c	MPN_RS02450	25.806	186	104	7	443	607	19	191	1.70e-04	38.5
Rv1819c	MPN_RS02445	26.994	163	90	5	457	595	133	290	5.82e-04	37.0
Rv1819c	MPN_RS00305	40.625	64	32	1	532	595	336	393	6.41e-04	37.0
Rv1821	MPN_RS01185	34.137	747	403	13	56	739	31	751	7.41e-123	384
Rv1841c	MPN_RS00905	24.918	305	202	8	40	341	51	331	8.41e-16	72.8
Rv1842c	MPN_RS00905	24.206	252	181	2	112	363	108	349	1.04e-19	85.5
Rv1858	MPN_RS00315	24.352	193	130	4	63	251	82	262	2.17e-09	51.6
Rv1858	MPN_RS03470	25.641	156	99	6	58	202	412	561	2.04e-04	37.0
Rv1859	MPN_RS01075	31.163	215	137	5	16	229	27	231	4.58e-30	111
Rv1859	MPN_RS01080	31.651	218	135	7	16	227	39	248	2.59e-27	104
Rv1859	MPN_RS00305	38.281	128	78	1	133	259	343	470	1.53e-26	105
Rv1859	MPN_RS00305	34.118	85	50	1	16	100	25	103	2.41e-12	62.8
Rv1859	MPN_RS00440	30.144	209	123	4	17	217	254	447	2.81e-24	98.6
Rv1859	MPN_RS03465	27.083	240	153	9	15	242	100	329	4.14e-23	93.6
Rv1859	MPN_RS03845	28.502	207	131	4	16	217	135	329	4.78e-20	84.7
Rv1859	MPN_RS02365	25.481	208	137	3	16	214	23	221	9.42e-20	82.4
Rv1859	MPN_RS00775	32.653	147	85	3	134	273	359	498	1.97e-19	84.3
Rv1859	MPN_RS00775	35.632	87	44	2	16	99	30	107	1.48e-12	63.2
Rv1859	MPN_RS03855	28.774	212	137	3	17	228	75	272	2.02e-19	82.4
Rv1859	MPN_RS01870	23.511	319	210	10	16	321	27	324	5.56e-19	81.6
Rv1859	MPN_RS01425	26.636	214	136	6	15	215	24	229	4.78e-18	80.1
Rv1859	MPN_RS01425	24.167	240	147	9	17	238	348	570	2.94e-13	65.5
Rv1859	MPN_RS01220	23.346	257	154	5	17	230	44	300	1.53e-17	78.2
Rv1859	MPN_RS02445	24.771	218	143	5	20	228	125	330	2.48e-17	77.4
Rv1859	MPN_RS01225	35.354	99	64	0	132	230	681	779	4.94e-17	77.4
Rv1859	MPN_RS01225	27.711	83	57	2	16	97	33	113	3.09e-04	37.4
Rv1859	MPN_RS00105	27.933	179	103	4	16	178	385	553	5.79e-17	77.0
Rv1859	MPN_RS02450	28.910	211	133	9	17	224	22	218	1.18e-16	73.9
Rv1859	MPN_RS00110	25.926	216	131	6	17	221	416	613	2.63e-16	75.1
Rv1859	MPN_RS03520	33.766	77	46	3	139	212	836	910	1.27e-07	48.1
Rv1859	MPN_RS03520	24.339	189	122	7	68	240	419	602	8.29e-04	35.8
Rv1862	MPN_RS03235	25.837	209	107	10	10	185	1	194	6.88e-05	38.9
Rv1869c	MPN_RS02215	27.168	173	120	4	147	314	168	339	9.37e-09	51.6
Rv1869c	MPN_RS02195	29.381	194	124	8	91	280	119	303	7.39e-06	42.4
Rv1895	MPN_RS03235	28.731	268	180	5	1	260	1	265	2.93e-23	94.4
Rv1901	MPN_RS01405	39.073	151	88	4	279	427	9	157	1.50e-25	97.1
Rv1938	MPN_RS00125	29.487	78	54	1	57	134	58	134	1.39e-04	37.7
Rv1981c	MPN_RS01810	47.335	319	168	0	4	322	21	339	7.86e-115	331
Rv1988	MPN_RS03825	27.329	161	96	6	29	171	30	187	5.91e-05	37.0
Rv1992c	MPN_RS01180	28.662	157	91	2	567	702	482	638	1.18e-14	72.4
Rv1992c	MPN_RS01180	25.092	271	177	7	239	488	92	357	4.98e-13	67.0
Rv1997	MPN_RS01180	31.783	774	433	15	26	761	2	718	1.09e-102	334
Rv1999c	MPN_RS01735	42.553	47	26	1	199	245	243	288	8.86e-04	36.2
Rv2030c	MPN_RS00180	27.869	122	77	4	63	178	46	162	7.37e-05	39.3
Rv2038c	MPN_RS00775	41.423	239	117	7	120	348	348	573	5.86e-47	163
Rv2038c	MPN_RS00775	50.602	83	41	0	20	102	27	109	1.87e-22	93.2
Rv2038c	MPN_RS00305	34.783	184	111	4	106	284	319	498	1.29e-31	120
Rv2038c	MPN_RS00305	43.750	80	45	0	24	103	26	105	1.07e-19	85.1
Rv2038c	MPN_RS03845	30.942	223	133	8	4	212	112	327	1.21e-25	100
Rv2038c	MPN_RS03855	30.049	203	131	3	16	212	67	264	5.67e-25	97.8
Rv2038c	MPN_RS01075	27.193	228	159	5	2	226	8	231	5.74e-25	97.4
Rv2038c	MPN_RS00440	31.111	225	134	7	16	230	246	459	3.84e-24	97.8
Rv2038c	MPN_RS02365	27.354	223	142	5	6	214	8	224	7.65e-24	93.6
Rv2038c	MPN_RS03465	27.984	243	148	9	13	234	91	327	6.63e-22	89.7
Rv2038c	MPN_RS02450	24.658	219	153	4	13	226	11	222	3.22e-17	75.5
Rv2038c	MPN_RS01080	24.681	235	165	5	21	245	37	269	4.87e-17	75.5
Rv2038c	MPN_RS00110	22.917	240	159	7	3	228	396	623	1.03e-15	73.2
Rv2038c	MPN_RS01870	23.316	193	145	2	21	212	25	215	1.20e-15	71.6
Rv2038c	MPN_RS01225	28.333	120	85	1	131	249	683	802	3.30e-15	71.6
Rv2038c	MPN_RS01225	29.915	117	73	3	15	122	25	141	2.25e-06	43.9
Rv2038c	MPN_RS01425	25.217	230	153	5	1	212	1	229	1.52e-14	69.3
Rv2038c	MPN_RS00105	27.222	180	113	4	17	179	379	557	6.01e-14	67.4
Rv2038c	MPN_RS01220	20.896	268	159	6	24	238	44	311	1.00e-12	63.5
Rv2038c	MPN_RS02445	25.806	217	132	7	28	226	126	331	4.39e-10	55.1
Rv2038c	MPN_RS03520	25.478	157	96	8	89	227	439	592	3.98e-04	37.0
Rv2039c	MPN_RS00785	23.846	260	182	4	30	273	51	310	8.31e-18	76.6
Rv2040c	MPN_RS00780	27.189	217	131	9	10	211	27	231	4.79e-18	77.8
Rv2040c	MPN_RS00785	30.000	60	39	1	171	230	184	240	6.89e-04	35.4
Rv2047c	MPN_RS03560	34.783	92	57	2	754	843	146	236	9.28e-07	47.0
Rv2055c	MPN_RS01285	40.000	55	31	1	21	75	49	101	2.03e-08	42.7
Rv2056c	MPN_RS01000	46.154	52	26	1	50	101	12	61	2.83e-09	44.7
Rv2058c	MPN_RS03545	32.787	61	40	1	1	61	1	60	1.09e-06	37.4
Rv2088	MPN_RS01375	27.308	260	141	13	1	216	1	256	3.97e-20	87.4
Rv2089c	MPN_RS02685	35.874	223	139	4	141	360	123	344	7.20e-42	145
Rv2089c	MPN_RS01040	25.556	180	97	9	214	364	77	248	1.86e-04	37.4
Rv2090	MPN_RS02135	26.230	305	193	10	81	379	5	283	1.91e-21	88.6
Rv2101	MPN_RS00115	33.544	474	295	8	531	1004	576	1029	1.68e-79	275
Rv2115c	MPN_RS03790	36.073	219	106	7	249	463	225	413	3.48e-28	114
Rv2115c	MPN_RS03090	41.860	43	24	1	289	331	41	82	7.52e-05	39.7
Rv2130c	MPN_RS01990	28.571	399	243	15	17	401	6	376	4.52e-43	151
Rv2150c	MPN_RS01785	28.507	221	136	4	11	222	20	227	2.50e-24	97.8
Rv2165c	MPN_RS01775	31.359	287	189	4	94	379	28	307	5.03e-38	134
Rv2166c	MPN_RS01770	30.081	123	86	0	1	123	1	123	3.08e-20	76.3
Rv2176	MPN_RS01375	29.493	217	126	8	94	284	114	329	1.78e-21	90.1
Rv2182c	MPN_RS01650	26.582	79	55	1	79	154	126	204	1.21e-07	46.2
Rv2191	MPN_RS00710	24.464	233	164	6	247	474	16	241	4.14e-13	66.6
Rv2191	MPN_RS00185	24.675	231	156	6	34	260	399	615	5.56e-09	53.9
Rv2192c	MPN_RS00355	24.390	123	90	2	40	162	16	135	2.48e-04	37.4
Rv2213	MPN_RS03275	38.742	302	169	5	187	482	130	421	3.57e-57	192
Rv2214c	MPN_RS00125	24.118	170	126	3	1	168	1	169	4.65e-06	43.5
Rv2215	MPN_RS02200	36.449	214	128	3	331	544	190	395	7.11e-35	130
Rv2215	MPN_RS02200	48.718	78	40	0	1	78	1	78	4.27e-15	72.0
Rv2241	MPN_RS00445	24.121	199	133	7	103	292	20	209	1.54e-05	43.1
Rv2249c	MPN_RS00270	23.077	221	153	6	28	243	5	213	1.17e-06	45.4
Rv2259	MPN_RS03235	26.648	349	227	10	25	361	20	351	1.43e-17	77.8
Rv2264c	MPN_RS02455	24.138	232	150	8	148	363	155	376	1.12e-06	45.8
Rv2277c	MPN_RS03245	24.138	145	99	3	32	173	5	141	5.79e-06	41.2
Rv2307c	MPN_RS02700	30.508	59	40	1	215	273	202	259	8.30e-04	34.7
Rv2316	MPN_RS00780	23.629	237	166	5	13	234	30	266	9.61e-15	68.2
Rv2317	MPN_RS00785	21.771	271	193	7	15	268	42	310	6.80e-13	62.4
Rv2317	MPN_RS00315	20.000	225	162	5	50	264	54	270	8.07e-05	37.7
Rv2320c	MPN_RS01790	23.111	225	155	6	176	383	143	366	4.34e-04	37.0
Rv2325c	MPN_RS01085	25.000	156	114	1	105	260	230	382	3.07e-08	48.9
Rv2326c	MPN_RS01075	31.088	193	120	6	268	448	25	216	1.27e-24	99.0
Rv2326c	MPN_RS01075	28.643	199	128	6	497	685	25	219	4.67e-16	73.9
Rv2326c	MPN_RS02450	30.348	201	126	5	258	447	9	206	1.08e-21	90.5
Rv2326c	MPN_RS02450	30.978	184	119	5	493	670	15	196	8.96e-16	72.8
Rv2326c	MPN_RS01080	29.907	214	135	4	486	685	26	238	6.90e-21	88.6
Rv2326c	MPN_RS01080	29.032	217	124	7	282	468	51	267	1.14e-15	73.2
Rv2326c	MPN_RS03845	27.551	196	132	4	497	683	133	327	1.03e-16	76.6
Rv2326c	MPN_RS03845	25.510	196	129	4	268	448	133	326	7.80e-13	65.1
Rv2326c	MPN_RS03855	29.082	196	121	5	500	683	75	264	1.69e-15	72.4
Rv2326c	MPN_RS03855	26.943	193	124	4	270	448	74	263	2.22e-10	57.0
Rv2326c	MPN_RS00440	27.094	203	117	4	268	448	251	444	1.52e-14	71.2
Rv2326c	MPN_RS00440	25.108	231	160	5	471	691	226	453	8.54e-14	68.6
Rv2326c	MPN_RS01225	30.631	111	76	1	583	692	664	774	1.30e-12	65.5
Rv2326c	MPN_RS01225	33.333	99	60	2	340	432	648	746	1.19e-07	49.7
Rv2326c	MPN_RS02365	22.330	206	141	3	497	685	21	224	3.90e-12	61.6
Rv2326c	MPN_RS02365	23.684	228	145	8	245	449	1	222	4.05e-11	58.5
Rv2326c	MPN_RS02445	29.185	233	136	9	262	466	114	345	2.60e-11	60.5
Rv2326c	MPN_RS02445	28.922	204	123	5	497	683	119	317	9.28e-11	58.9
Rv2326c	MPN_RS01425	25.000	208	130	5	499	683	25	229	3.67e-11	60.5
Rv2326c	MPN_RS00305	36.364	88	55	1	579	666	322	408	1.60e-10	58.5
Rv2326c	MPN_RS00305	35.065	77	50	0	361	437	336	412	2.80e-05	41.6
Rv2326c	MPN_RS00305	30.303	66	42	1	477	542	7	68	9.74e-05	40.0
Rv2326c	MPN_RS00305	38.298	47	28	1	267	312	22	68	1.20e-04	39.7
Rv2326c	MPN_RS00105	27.551	196	119	6	469	643	357	550	7.77e-10	56.6
Rv2326c	MPN_RS01870	22.897	214	134	5	479	674	6	206	1.04e-09	55.1
Rv2326c	MPN_RS01220	26.923	130	78	3	560	674	149	276	1.06e-09	55.5
Rv2326c	MPN_RS01220	30.000	80	53	1	356	432	188	267	8.59e-05	40.0
Rv2326c	MPN_RS00110	25.957	235	136	11	223	428	370	595	1.20e-08	52.8
Rv2326c	MPN_RS03465	22.314	242	144	8	218	432	59	283	3.10e-08	50.4
Rv2326c	MPN_RS03465	22.807	228	135	8	494	692	96	311	9.44e-08	48.9
Rv2326c	MPN_RS00775	35.385	65	42	0	602	666	359	423	4.53e-08	50.8
Rv2326c	MPN_RS00775	30.769	78	48	1	372	449	362	433	8.84e-05	40.0
Rv2326c	MPN_RS00775	31.343	67	40	1	496	556	27	93	4.96e-04	37.7
Rv2326c	MPN_RS03520	28.226	124	86	2	549	670	437	559	8.01e-04	37.0
Rv2343c	MPN_RS01975	27.844	334	212	11	13	330	10	330	8.06e-25	103
Rv2357c	MPN_RS01980	39.427	454	250	10	10	457	8	442	3.91e-111	330
Rv2363	MPN_RS01320	38.418	177	95	5	71	241	49	217	6.32e-25	102
Rv2364c	MPN_RS03255	22.896	297	194	10	11	294	8	282	2.10e-12	61.2
Rv2364c	MPN_RS02715	33.333	114	76	0	9	122	4	117	5.30e-12	60.5
Rv2364c	MPN_RS02715	37.931	58	36	0	9	66	182	239	1.71e-06	43.5
Rv2364c	MPN_RS02745	27.647	170	97	7	9	166	23	178	7.46e-07	43.5
Rv2364c	MPN_RS03230	44.643	56	30	1	9	64	162	216	2.51e-06	43.1
Rv2364c	MPN_RS00040	27.957	93	64	1	9	101	220	309	4.01e-05	39.3
Rv2366c	MPN_RS00905	25.000	248	172	4	94	340	109	343	1.47e-24	99.8
Rv2367c	MPN_RS03260	30.526	95	58	1	41	135	43	129	5.92e-11	53.1
Rv2373c	MPN_RS00120	29.679	374	228	10	3	350	6	370	4.37e-41	144
Rv2373c	MPN_RS00675	42.202	109	52	2	3	106	6	108	4.55e-18	80.9
Rv2373c	MPN_RS00010	41.071	56	31	1	6	61	4	57	4.52e-06	42.7
Rv2374c	MPN_RS00705	24.128	344	216	10	1	322	1	321	2.21e-24	97.1
Rv2397c	MPN_RS00305	39.572	187	98	1	104	290	318	489	6.25e-41	145
Rv2397c	MPN_RS00305	40.594	101	59	1	3	102	5	105	3.86e-21	89.4
Rv2397c	MPN_RS01075	32.258	217	142	4	14	227	19	233	2.92e-38	133
Rv2397c	MPN_RS00440	34.597	211	126	4	23	224	254	461	7.38e-38	136
Rv2397c	MPN_RS00775	48.148	108	56	0	130	237	359	466	1.68e-34	128
Rv2397c	MPN_RS00775	46.591	88	47	0	14	101	22	109	3.49e-24	98.2
Rv2397c	MPN_RS03845	32.000	200	127	3	20	213	133	329	6.55e-31	115
Rv2397c	MPN_RS03855	31.000	200	127	3	20	213	72	266	5.66e-30	111
Rv2397c	MPN_RS01080	34.259	216	126	6	20	223	37	248	3.12e-29	109
Rv2397c	MPN_RS03465	29.358	218	137	6	23	226	102	316	1.26e-25	100
Rv2397c	MPN_RS01870	28.718	195	136	2	20	213	25	217	2.31e-21	88.2
Rv2397c	MPN_RS02450	32.367	207	134	4	19	223	18	220	2.61e-21	87.0
Rv2397c	MPN_RS00105	30.000	220	131	6	11	213	376	589	5.61e-21	89.0
Rv2397c	MPN_RS01220	21.190	269	159	7	23	238	44	312	2.10e-19	83.6
Rv2397c	MPN_RS02365	26.389	216	145	3	5	208	6	219	5.88e-19	80.1
Rv2397c	MPN_RS01225	32.331	133	89	1	111	242	663	795	8.57e-19	82.4
Rv2397c	MPN_RS01225	35.135	74	41	2	17	83	28	101	9.51e-07	45.1
Rv2397c	MPN_RS01425	30.332	211	118	6	23	211	26	229	2.45e-18	80.9
Rv2397c	MPN_RS01425	23.318	223	131	6	23	218	348	557	2.04e-10	56.6
Rv2397c	MPN_RS00110	26.699	206	140	5	20	218	413	614	6.35e-15	70.5
Rv2397c	MPN_RS02445	28.095	210	134	6	27	224	126	330	9.18e-15	69.3
Rv2397c	MPN_RS03270	25.735	136	87	5	37	170	494	617	1.30e-04	38.1
Rv2398c	MPN_RS00315	26.887	212	136	8	51	259	71	266	1.78e-08	48.9
Rv2398c	MPN_RS03470	33.333	90	49	3	145	225	500	587	2.37e-06	43.1
Rv2398c	MPN_RS00780	25.616	203	128	6	9	189	30	231	1.13e-04	37.4
Rv2399c	MPN_RS00315	20.690	203	145	5	84	281	86	277	4.30e-06	42.0
Rv2399c	MPN_RS03470	27.434	113	79	1	147	259	147	256	1.31e-04	37.7
Rv2399c	MPN_RS03470	22.034	177	124	4	104	268	447	621	8.42e-04	35.0
Rv2404c	MPN_RS01540	49.649	570	283	2	51	619	5	571	0.0	591
Rv2404c	MPN_RS01270	35.196	179	107	3	51	224	9	183	4.75e-24	101
Rv2404c	MPN_RS01270	24.194	248	153	8	197	423	248	481	2.08e-07	48.5
Rv2404c	MPN_RS03755	24.221	289	184	7	54	317	14	292	2.31e-13	67.0
Rv2404c	MPN_RS00885	27.586	174	101	3	57	224	126	280	7.50e-12	62.8
Rv2412	MPN_RS03115	36.471	85	47	1	1	85	1	78	2.04e-07	39.7
Rv2417c	MPN_RS02695	23.047	256	183	6	1	244	1	254	2.83e-07	45.4
Rv2421c	MPN_RS01880	29.452	146	98	2	1	142	8	152	4.18e-19	79.0
Rv2426c	MPN_RS03060	28.676	136	72	5	50	181	466	580	2.49e-06	43.1
Rv2440c	MPN_RS03230	36.636	434	243	11	14	432	13	429	3.64e-65	212
Rv2440c	MPN_RS00145	34.646	127	60	2	163	266	5	131	1.78e-17	78.6
Rv2441c	MPN_RS01835	54.762	84	35	1	1	81	15	98	6.16e-27	90.1
Rv2442c	MPN_RS01825	36.082	97	59	1	5	101	2	95	1.86e-08	43.5
Rv2445c	MPN_RS01715	37.500	40	25	0	81	120	120	159	7.21e-04	33.1
Rv2448c	MPN_RS02740	33.333	861	518	14	6	859	11	822	4.18e-159	481
Rv2448c	MPN_RS02980	23.077	728	464	22	42	695	56	761	2.79e-39	151
Rv2448c	MPN_RS02160	22.121	660	333	22	31	578	27	617	2.41e-21	94.4
Rv2448c	MPN_RS00130	30.714	140	71	6	38	175	6	121	1.45e-07	49.3
Rv2448c	MPN_RS00130	25.714	140	93	5	509	641	281	416	3.87e-07	48.1
Rv2457c	MPN_RS03790	30.000	80	46	2	117	194	264	335	2.66e-04	37.7
Rv2462c	MPN_RS01855	22.830	311	203	10	29	313	32	331	3.58e-17	78.2
Rv2464c	MPN_RS02140	24.675	154	106	3	118	267	127	274	3.63e-18	77.0
Rv2465c	MPN_RS03395	38.621	145	88	1	6	150	7	150	4.54e-32	107
Rv2477c	MPN_RS03845	28.378	222	126	7	20	233	132	328	1.10e-15	73.2
Rv2477c	MPN_RS03845	24.434	221	129	8	320	510	110	322	1.23e-08	51.6
Rv2477c	MPN_RS01425	20.577	520	333	15	23	487	25	519	5.33e-15	72.4
Rv2477c	MPN_RS01425	22.642	212	132	7	317	497	1	211	1.57e-07	48.5
Rv2477c	MPN_RS00440	27.604	192	118	5	326	498	240	429	7.39e-13	65.1
Rv2477c	MPN_RS00440	26.054	261	134	8	3	240	229	453	1.42e-12	64.3
Rv2477c	MPN_RS00105	24.895	237	137	7	21	240	383	595	1.48e-12	64.7
Rv2477c	MPN_RS00105	34.000	50	33	0	332	381	378	427	4.52e-04	37.4
Rv2477c	MPN_RS03855	21.368	234	157	5	4	233	55	265	1.50e-11	60.1
Rv2477c	MPN_RS01075	24.783	230	122	11	20	233	24	218	2.88e-11	58.9
Rv2477c	MPN_RS01075	28.649	185	115	6	330	498	18	201	3.82e-11	58.5
Rv2477c	MPN_RS01080	23.932	234	155	7	12	238	29	246	7.74e-11	58.2
Rv2477c	MPN_RS01080	26.380	163	94	5	336	476	36	194	4.05e-08	49.7
Rv2477c	MPN_RS00110	25.854	205	112	6	9	202	401	576	9.45e-11	58.9
Rv2477c	MPN_RS00110	22.381	210	124	9	330	511	405	603	2.92e-05	41.2
Rv2477c	MPN_RS02445	27.064	218	131	5	319	514	105	316	2.55e-10	57.0
Rv2477c	MPN_RS02445	24.424	217	145	6	20	233	118	318	7.55e-09	52.4
Rv2477c	MPN_RS03465	27.103	214	115	11	17	214	95	283	3.78e-10	56.2
Rv2477c	MPN_RS03465	22.134	253	151	10	274	482	16	266	1.10e-06	45.4
Rv2477c	MPN_RS02365	21.918	219	143	6	20	229	20	219	2.30e-09	52.8
Rv2477c	MPN_RS02365	22.026	227	132	7	319	511	3	218	4.25e-09	52.0
Rv2477c	MPN_RS00775	28.283	99	67	1	159	253	363	461	7.11e-09	52.8
Rv2477c	MPN_RS00775	28.571	49	35	0	16	64	23	71	1.31e-04	39.3
Rv2477c	MPN_RS00775	38.095	42	26	0	337	378	28	69	2.33e-04	38.5
Rv2477c	MPN_RS01220	22.088	249	149	8	24	233	44	286	3.43e-08	50.4
Rv2477c	MPN_RS01220	28.302	106	54	3	410	509	190	279	1.24e-04	38.9
Rv2477c	MPN_RS02450	24.889	225	123	9	21	233	19	209	6.98e-08	48.5
Rv2477c	MPN_RS02450	31.579	152	84	5	337	474	19	164	2.06e-06	44.3
Rv2477c	MPN_RS00305	30.645	62	42	1	321	381	6	67	1.24e-07	48.9
Rv2477c	MPN_RS00305	42.623	61	31	1	160	216	349	409	3.78e-07	47.4
Rv2477c	MPN_RS00305	24.812	133	85	3	19	141	21	148	4.77e-07	47.0
Rv2477c	MPN_RS00305	30.000	80	51	2	424	499	331	409	3.51e-04	37.7
Rv2477c	MPN_RS01870	23.889	180	102	5	20	194	24	173	1.05e-06	45.4
Rv2477c	MPN_RS01870	23.757	181	101	6	321	477	6	173	4.99e-06	43.1
Rv2477c	MPN_RS01225	28.205	78	52	1	160	233	688	765	2.98e-06	44.7
Rv2477c	MPN_RS02415	43.902	41	21	2	8	48	4	42	6.56e-04	37.0
Rv2483c	MPN_RS01650	31.429	140	89	4	304	438	64	201	1.64e-15	71.6
Rv2495c	MPN_RS02200	31.982	222	140	3	177	393	184	399	3.80e-26	103
Rv2496c	MPN_RS02205	37.931	319	196	2	29	346	10	327	1.32e-70	218
Rv2497c	MPN_RS02210	35.093	322	209	0	39	360	32	353	5.32e-72	224
Rv2523c	MPN_RS01645	25.893	112	72	3	3	109	2	107	5.59e-07	40.4
Rv2534c	MPN_RS00160	36.076	158	100	1	29	186	33	189	5.12e-32	109
Rv2535c	MPN_RS02685	34.431	334	193	10	20	344	22	338	1.10e-49	166
Rv2535c	MPN_RS01040	27.014	211	129	9	134	328	4	205	3.68e-07	45.4
Rv2554c	MPN_RS02375	26.027	146	82	4	25	157	5	137	8.64e-08	43.9
Rv2555c	MPN_RS02380	34.694	735	422	20	3	717	5	701	2.06e-119	380
Rv2559c	MPN_RS03515	20.721	333	207	11	31	332	5	311	6.58e-10	55.8
Rv2559c	MPN_RS03790	39.437	71	30	3	68	130	264	329	5.92e-07	46.2
Rv2559c	MPN_RS03090	31.111	90	53	3	42	131	19	99	1.30e-05	41.6
Rv2564	MPN_RS00440	34.685	222	134	5	10	223	237	455	1.80e-36	131
Rv2564	MPN_RS03845	32.500	200	132	2	26	224	136	333	3.13e-34	123
Rv2564	MPN_RS01075	30.317	221	148	3	18	236	19	235	1.16e-27	104
Rv2564	MPN_RS01080	31.624	234	153	6	4	231	17	249	1.36e-26	102
Rv2564	MPN_RS03855	29.577	213	138	4	24	230	73	279	8.45e-26	99.4
Rv2564	MPN_RS02365	30.275	218	137	5	9	215	6	219	1.07e-23	92.8
Rv2564	MPN_RS03465	32.178	202	116	8	26	213	102	296	7.07e-23	92.0
Rv2564	MPN_RS01425	26.702	191	120	3	26	201	26	211	5.67e-19	82.4
Rv2564	MPN_RS00775	39.175	97	53	1	23	119	28	118	4.69e-17	76.6
Rv2564	MPN_RS00775	30.631	111	75	2	124	232	344	454	1.57e-11	59.7
Rv2564	MPN_RS02445	27.189	217	148	6	9	220	108	319	1.59e-15	71.2
Rv2564	MPN_RS01220	24.893	233	128	5	4	189	22	254	2.19e-14	68.2
Rv2564	MPN_RS00110	28.333	180	114	6	2	175	395	565	1.22e-13	66.2
Rv2564	MPN_RS02450	25.000	240	166	5	4	241	2	229	1.53e-13	64.7
Rv2564	MPN_RS01870	24.176	182	130	3	21	201	23	197	1.65e-13	65.1
Rv2564	MPN_RS00305	36.000	100	55	2	13	112	16	106	2.55e-12	62.0
Rv2564	MPN_RS00305	29.134	127	76	5	141	254	346	471	1.03e-07	47.8
Rv2564	MPN_RS00105	27.711	166	98	6	26	175	386	545	4.24e-11	58.5
Rv2564	MPN_RS01225	32.979	94	61	2	115	206	658	751	3.71e-09	52.4
Rv2564	MPN_RS03270	25.269	186	115	6	36	217	490	655	3.75e-04	36.6
Rv2572c	MPN_RS00240	37.456	566	310	12	10	573	16	539	3.08e-123	370
Rv2572c	MPN_RS01395	24.111	253	160	7	18	256	18	252	1.94e-15	73.6
Rv2572c	MPN_RS01395	30.488	82	51	3	487	567	378	454	0.001	36.6
Rv2572c	MPN_RS01530	27.485	171	112	6	93	256	118	283	5.55e-11	59.7
Rv2572c	MPN_RS01530	35.577	104	55	5	460	561	391	484	3.26e-07	47.4
Rv2580c	MPN_RS00235	34.217	415	257	9	4	411	1	406	7.10e-69	219
Rv2583c	MPN_RS02230	37.048	332	200	4	80	403	37	367	5.56e-64	223
Rv2584c	MPN_RS02220	35.526	152	94	3	66	214	17	167	3.06e-26	95.1
Rv2592c	MPN_RS03090	34.754	305	190	3	26	329	8	304	6.57e-69	213
Rv2593c	MPN_RS03085	25.180	139	90	5	1	130	1	134	1.67e-07	44.7
Rv2603c	MPN_RS02730	27.064	218	154	2	22	237	19	233	4.49e-25	94.4
Rv2613c	MPN_RS01510	28.889	90	61	3	72	160	27	114	6.87e-07	42.0
Rv2614c	MPN_RS03175	30.657	548	344	7	100	642	16	532	2.04e-91	290
Rv2674	MPN_RS03740	45.600	125	67	1	9	133	8	131	7.41e-32	105
Rv2688c	MPN_RS01075	30.045	223	139	7	21	233	13	228	6.50e-25	96.3
Rv2688c	MPN_RS01080	26.809	235	153	6	16	233	15	247	6.92e-19	80.1
Rv2688c	MPN_RS02450	30.631	222	140	7	17	230	1	216	6.82e-18	76.6
Rv2688c	MPN_RS03465	28.070	228	140	7	17	225	82	304	7.08e-18	77.4
Rv2688c	MPN_RS02365	26.106	226	146	8	23	232	11	231	2.41e-17	74.7
Rv2688c	MPN_RS03845	28.934	197	131	5	38	226	136	331	7.72e-17	74.7
Rv2688c	MPN_RS00440	29.384	211	126	7	34	229	250	452	2.28e-16	73.9
Rv2688c	MPN_RS01870	26.866	201	130	8	35	225	25	218	7.12e-16	71.6
Rv2688c	MPN_RS03855	28.205	195	133	3	38	226	75	268	2.32e-13	63.9
Rv2688c	MPN_RS00110	25.000	232	148	8	18	233	397	618	2.41e-12	62.0
Rv2688c	MPN_RS00305	32.381	105	70	1	130	233	332	436	6.49e-12	60.5
Rv2688c	MPN_RS00305	45.714	35	19	0	34	68	22	56	3.39e-05	39.7
Rv2688c	MPN_RS01425	25.121	207	136	6	38	225	26	232	1.08e-11	59.7
Rv2688c	MPN_RS01425	21.296	216	144	3	36	229	346	557	7.44e-07	45.1
Rv2688c	MPN_RS01220	22.593	270	142	7	18	225	24	288	2.52e-11	58.5
Rv2688c	MPN_RS01225	31.429	105	70	2	131	233	671	775	6.06e-10	54.7
Rv2688c	MPN_RS01225	40.323	62	30	1	17	78	20	74	3.20e-07	46.2
Rv2688c	MPN_RS00775	31.959	97	59	3	141	233	358	451	1.15e-08	50.4
Rv2688c	MPN_RS00775	29.268	82	57	1	34	115	27	107	1.04e-06	44.3
Rv2688c	MPN_RS00105	22.374	219	147	6	35	233	383	598	6.23e-08	48.1
Rv2688c	MPN_RS02445	30.769	78	53	1	148	225	244	320	8.67e-04	35.0
Rv2692	MPN_RS02630	20.175	228	158	6	4	219	7	222	1.45e-04	36.2
Rv2703	MPN_RS01970	50.000	238	112	3	291	521	248	485	3.17e-74	239
Rv2710	MPN_RS01970	44.583	240	126	3	86	318	248	487	1.84e-65	209
Rv2713	MPN_RS02195	30.635	457	289	9	3	447	2	442	3.30e-49	169
Rv2713	MPN_RS01535	27.551	98	63	2	1	97	12	102	2.59e-04	37.7
Rv2713	MPN_RS02215	23.443	273	178	13	177	425	169	434	6.95e-04	36.6
Rv2715	MPN_RS02700	20.775	284	175	10	30	297	14	263	8.82e-07	44.3
Rv2715	MPN_RS02975	27.103	107	74	3	40	144	30	134	3.15e-06	42.7
Rv2725c	MPN_RS00040	32.203	118	70	3	252	364	199	311	1.08e-06	45.4
Rv2737c	MPN_RS02795	56.019	216	94	1	38	252	37	252	1.16e-74	241
Rv2737c	MPN_RS02795	22.059	68	53	0	695	762	255	322	2.75e-04	38.5
Rv2746c	MPN_RS01400	37.383	107	64	2	65	168	64	170	2.14e-13	61.6
Rv2748c	MPN_RS03520	23.392	171	100	7	523	676	627	783	5.53e-04	38.1
Rv2752c	MPN_RS01545	31.028	564	368	13	4	551	4	562	5.04e-94	293
Rv2752c	MPN_RS03530	21.033	542	383	12	20	539	8	526	2.43e-18	82.8
Rv2756c	MPN_RS01910	23.993	571	329	25	22	540	16	533	1.60e-34	131
Rv2763c	MPN_RS01805	30.178	169	95	7	1	158	1	157	3.09e-18	72.0
Rv2763c	MPN_RS01655	32.759	116	67	3	1	109	1	112	2.18e-11	55.8
Rv2764c	MPN_RS01800	47.603	292	119	2	1	263	1	287	1.02e-102	296
Rv2785c	MPN_RS03535	45.679	81	44	0	8	88	5	85	6.24e-21	74.3
Rv2786c	MPN_RS00900	27.213	305	177	13	26	329	5	265	4.53e-19	80.5
Rv2832c	MPN_RS00775	55.797	138	61	0	114	251	342	479	1.98e-48	167
Rv2832c	MPN_RS00775	46.512	86	46	0	17	102	24	109	2.84e-22	92.8
Rv2832c	MPN_RS01075	30.594	219	141	5	13	225	17	230	2.82e-30	112
Rv2832c	MPN_RS00305	36.641	131	83	0	107	237	320	450	2.86e-27	107
Rv2832c	MPN_RS00305	45.238	84	46	0	20	103	22	105	8.78e-22	91.3
Rv2832c	MPN_RS00440	32.836	201	120	5	24	215	254	448	7.34e-27	105
Rv2832c	MPN_RS03845	27.805	205	125	5	21	212	133	327	1.86e-24	97.4
Rv2832c	MPN_RS03465	29.870	231	141	7	13	227	91	316	3.46e-23	93.6
Rv2832c	MPN_RS03855	30.500	200	124	4	21	212	72	264	1.67e-22	90.9
Rv2832c	MPN_RS01080	26.337	243	157	6	17	244	33	268	1.43e-19	82.8
Rv2832c	MPN_RS02365	24.107	224	148	4	6	214	8	224	5.39e-19	80.1
Rv2832c	MPN_RS02450	24.891	229	158	5	1	224	1	220	1.61e-16	73.6
Rv2832c	MPN_RS01425	26.699	206	134	6	23	212	25	229	8.56e-15	70.1
Rv2832c	MPN_RS01425	19.249	213	150	6	24	218	348	556	3.52e-05	40.0
Rv2832c	MPN_RS01870	23.316	193	145	2	21	212	25	215	2.42e-14	67.8
Rv2832c	MPN_RS00110	23.214	224	146	6	3	212	396	607	5.31e-14	67.8
Rv2832c	MPN_RS00105	27.778	180	106	7	21	180	383	558	1.45e-13	66.2
Rv2832c	MPN_RS01225	25.517	145	106	2	107	249	658	802	1.80e-13	66.2
Rv2832c	MPN_RS01225	27.083	96	55	2	1	85	11	102	1.98e-05	40.8
Rv2832c	MPN_RS01220	19.188	271	166	6	21	238	41	311	9.22e-12	60.5
Rv2832c	MPN_RS02445	22.685	216	130	7	21	208	119	325	1.84e-08	50.1
Rv2832c	MPN_RS03270	25.180	139	92	4	34	171	490	617	2.33e-05	40.8
Rv2834c	MPN_RS00785	26.230	244	155	8	52	275	81	319	2.47e-15	69.7
Rv2835c	MPN_RS00780	23.786	206	145	4	94	291	98	299	1.31e-10	55.8
Rv2837c	MPN_RS00805	23.492	315	211	10	15	317	6	302	1.66e-16	73.9
Rv2837c	MPN_RS03155	25.112	223	152	6	101	318	86	298	3.03e-15	70.1
Rv2839c	MPN_RS00885	39.746	629	345	11	274	893	6	609	5.05e-136	415
Rv2839c	MPN_RS03755	32.932	249	116	12	397	609	10	243	3.85e-14	70.1
Rv2839c	MPN_RS01540	24.783	230	138	6	401	609	9	224	2.45e-13	68.2
Rv2839c	MPN_RS01270	32.558	129	73	3	403	517	15	143	2.25e-09	55.5
Rv2841c	MPN_RS00875	23.739	337	217	6	15	319	23	351	1.03e-30	117
Rv2855	MPN_RS02195	26.237	465	305	13	3	451	2	444	3.92e-38	139
Rv2855	MPN_RS02215	23.077	273	164	8	173	417	168	422	6.15e-06	42.7
Rv2861c	MPN_RS01040	26.016	246	179	2	40	283	3	247	1.37e-29	107
Rv2881c	MPN_RS03605	29.814	161	64	7	177	289	200	359	5.05e-11	57.4
Rv2882c	MPN_RS03600	36.932	176	107	2	11	185	12	184	4.85e-34	114
Rv2883c	MPN_RS03585	28.333	180	127	2	82	259	54	233	9.51e-28	102
Rv2888c	MPN_RS01320	21.853	421	282	9	75	459	61	470	3.67e-21	90.5
Rv2889c	MPN_RS03580	30.496	282	166	11	9	270	8	279	1.52e-32	116
Rv2890c	MPN_RS01175	38.938	226	131	4	3	224	17	239	3.41e-47	155
Rv2904c	MPN_RS03720	48.182	110	56	1	4	113	10	118	1.50e-32	105
Rv2906c	MPN_RS03725	38.767	227	129	3	1	226	1	218	7.29e-52	163
Rv2909c	MPN_RS03730	38.667	75	46	0	9	83	2	76	7.36e-17	66.6
Rv2914c	MPN_RS01375	22.642	212	114	7	39	205	53	259	4.91e-09	53.1
Rv2916c	MPN_RS00340	38.551	428	249	6	1	424	1	418	1.69e-95	293
Rv2916c	MPN_RS02410	31.304	230	142	4	92	315	128	347	9.08e-27	106
Rv2921c	MPN_RS02410	34.024	338	206	8	84	417	8	332	1.39e-55	182
Rv2921c	MPN_RS00340	31.022	274	170	6	156	422	33	294	1.91e-28	111
Rv2922c	MPN_RS02415	39.535	215	129	1	1	214	2	216	2.76e-43	166
Rv2922c	MPN_RS02415	33.953	215	142	0	975	1189	752	966	3.19e-36	143
Rv2922c	MPN_RS02415	26.609	233	144	9	513	723	416	643	1.24e-05	43.9
Rv2922c	MPN_RS03465	33.803	71	42	3	1103	1172	227	293	3.48e-04	38.5
Rv2922c	MPN_RS02450	34.118	85	46	5	1094	1174	124	202	5.29e-04	37.7
Rv2924c	MPN_RS02140	28.920	287	188	5	1	284	1	274	1.25e-41	140
Rv2925c	MPN_RS03135	31.667	120	73	3	24	142	38	149	1.61e-14	66.2
Rv2933	MPN_RS03235	33.721	86	55	2	1606	1689	176	261	7.33e-04	38.5
Rv2936	MPN_RS01080	25.581	215	152	3	21	227	33	247	4.89e-22	89.4
Rv2936	MPN_RS01870	25.431	232	162	5	8	235	7	231	2.56e-19	82.0
Rv2936	MPN_RS01075	24.180	244	158	7	3	233	5	234	6.52e-19	80.1
Rv2936	MPN_RS02365	27.230	213	145	3	25	227	21	233	8.78e-19	79.3
Rv2936	MPN_RS00440	27.363	201	139	3	25	220	251	449	1.43e-16	74.7
Rv2936	MPN_RS03845	27.027	222	137	5	18	227	126	334	2.38e-16	73.6
Rv2936	MPN_RS01425	24.779	226	155	3	6	216	4	229	2.74e-16	74.3
Rv2936	MPN_RS01425	22.368	228	150	6	10	216	329	550	1.62e-07	47.4
Rv2936	MPN_RS03465	25.446	224	151	7	17	227	92	312	2.79e-14	67.4
Rv2936	MPN_RS03855	24.887	221	155	5	8	221	53	269	4.05e-14	66.2
Rv2936	MPN_RS00775	29.545	176	105	6	119	279	345	516	2.29e-12	62.4
Rv2936	MPN_RS00775	32.558	86	57	1	20	105	23	107	3.19e-12	62.0
Rv2936	MPN_RS00305	36.145	83	52	1	142	223	350	432	4.78e-11	58.2
Rv2936	MPN_RS00305	29.703	101	69	2	3	103	2	100	1.03e-10	57.0
Rv2936	MPN_RS00105	21.739	207	145	5	25	216	383	587	1.88e-09	53.1
Rv2936	MPN_RS02445	26.163	172	103	5	20	176	116	278	7.44e-09	51.2
Rv2936	MPN_RS02450	21.963	214	161	4	10	221	4	213	1.61e-07	46.6
Rv2936	MPN_RS00110	33.929	56	35	1	25	78	413	468	1.90e-07	47.0
Rv2936	MPN_RS01225	28.889	135	85	5	103	227	642	775	2.15e-07	47.0
Rv2936	MPN_RS01225	37.500	48	30	0	24	71	30	77	5.60e-05	39.3
Rv2936	MPN_RS01220	26.050	119	84	2	113	227	178	296	3.12e-07	46.2
Rv2957	MPN_RS00155	29.565	115	69	5	24	131	6	115	5.23e-08	47.8
Rv2957	MPN_RS00405	30.000	120	78	5	26	141	4	121	2.04e-06	42.7
Rv2973c	MPN_RS01190	23.938	259	151	10	409	640	322	561	7.46e-07	47.0
Rv2974c	MPN_RS03145	19.328	476	337	15	4	449	80	538	5.65e-11	58.9
Rv2975c	MPN_RS03145	64.000	25	9	0	31	55	27	51	5.48e-06	37.4
Rv2975a	MPN_RS03545	31.667	60	40	1	1	60	1	59	1.65e-04	31.2
Rv2976c	MPN_RS01310	32.420	219	137	8	14	224	16	231	1.64e-27	100
Rv2992c	MPN_RS03820	32.573	482	312	7	5	481	2	475	4.85e-77	244
Rv3000	MPN_RS00110	26.506	83	61	0	31	113	423	505	3.81e-12	59.7
Rv3000	MPN_RS00105	21.591	88	69	0	15	102	377	464	2.29e-09	51.2
Rv3000	MPN_RS01080	27.966	118	64	3	17	127	33	136	7.02e-09	49.7
Rv3000	MPN_RS01075	30.556	72	50	0	17	88	21	92	1.11e-07	45.8
Rv3000	MPN_RS00305	40.385	52	31	0	21	72	23	74	1.06e-06	43.5
Rv3000	MPN_RS03465	26.667	105	69	3	6	102	83	187	1.30e-06	42.7
Rv3000	MPN_RS00440	32.955	88	54	3	20	102	250	337	1.07e-04	37.4
Rv3000	MPN_RS02445	26.168	107	69	3	10	106	105	211	3.22e-04	35.8
Rv3000	MPN_RS00775	44.898	49	25	1	38	86	45	91	3.24e-04	35.8
Rv3000	MPN_RS02450	25.676	74	51	1	15	88	13	82	3.92e-04	35.0
Rv3009c	MPN_RS01325	31.185	481	301	12	25	498	4	461	2.08e-72	233
Rv3010c	MPN_RS01665	32.526	289	166	7	2	286	8	271	1.36e-39	137
Rv3011c	MPN_RS01320	31.002	429	264	9	71	484	58	469	4.04e-58	194
Rv3014c	MPN_RS01995	35.503	676	394	16	16	676	6	654	1.59e-131	398
Rv3024c	MPN_RS02395	32.486	354	215	11	3	338	6	353	1.61e-41	144
Rv3025c	MPN_RS02775	26.289	194	126	8	44	230	69	252	1.04e-10	57.4
Rv3026c	MPN_RS01650	24.390	123	83	3	61	174	50	171	1.32e-06	43.5
Rv3041c	MPN_RS02365	24.883	213	134	4	24	223	8	207	1.74e-18	77.8
Rv3041c	MPN_RS01080	24.895	237	155	8	21	244	16	242	1.13e-15	70.5
Rv3041c	MPN_RS00440	29.302	215	130	8	17	221	227	429	1.50e-15	71.2
Rv3041c	MPN_RS03855	27.350	234	155	8	13	242	46	268	1.24e-14	67.4
Rv3041c	MPN_RS01075	22.609	230	167	4	24	252	12	231	5.74e-14	65.5
Rv3041c	MPN_RS02445	25.592	211	139	6	24	225	103	304	1.73e-12	61.6
Rv3041c	MPN_RS01870	22.749	211	148	4	36	244	24	221	2.87e-11	57.8
Rv3041c	MPN_RS03845	24.873	197	139	3	51	246	147	335	3.24e-11	57.8
Rv3041c	MPN_RS00105	24.227	194	111	5	22	192	365	545	5.13e-11	57.8
Rv3041c	MPN_RS03465	23.200	250	147	11	17	251	95	314	5.48e-11	57.0
Rv3041c	MPN_RS00305	30.769	104	68	2	161	261	349	451	2.40e-08	49.3
Rv3041c	MPN_RS01225	28.704	108	73	3	139	244	665	770	2.89e-08	49.3
Rv3041c	MPN_RS01220	24.818	137	88	4	126	251	166	298	5.83e-08	48.1
Rv3041c	MPN_RS00110	22.959	196	125	5	40	225	416	595	1.39e-07	47.0
Rv3041c	MPN_RS01425	21.429	238	164	7	52	275	38	266	6.07e-07	45.1
Rv3041c	MPN_RS01425	22.388	201	130	7	40	225	348	537	7.34e-05	38.5
Rv3041c	MPN_RS02450	23.429	175	120	4	21	192	1	164	1.72e-06	43.1
Rv3041c	MPN_RS00775	28.846	104	73	1	141	244	344	446	3.18e-06	42.7
Rv3045	MPN_RS03235	38.356	73	45	0	27	99	23	95	4.39e-07	45.4
Rv3048c	MPN_RS01810	51.242	322	157	0	3	324	18	339	1.54e-124	355
Rv3051c	MPN_RS01820	58.611	691	275	5	13	693	32	721	0.0	849
Rv3052c	MPN_RS01815	55.303	132	53	2	8	137	22	149	1.35e-46	144
Rv3054c	MPN_RS02955	28.571	147	89	6	10	149	7	144	7.49e-11	53.1
Rv3056	MPN_RS03095	24.848	330	235	7	20	343	31	353	3.15e-24	97.4
Rv3060c	MPN_RS01330	34.247	73	46	2	12	84	9	79	1.07e-04	38.1
Rv3068c	MPN_RS00365	22.957	575	348	29	18	546	21	546	1.04e-08	52.4
Rv3080c	MPN_RS01375	26.568	271	163	10	50	285	51	320	2.73e-13	67.8
Rv3083	MPN_RS01535	47.500	40	19	2	5	44	15	52	1.44e-04	38.5
Rv3086	MPN_RS03235	23.496	349	239	13	26	367	23	350	1.67e-12	62.4
Rv3102c	MPN_RS03845	33.824	204	130	4	19	220	133	333	3.77e-37	128
Rv3102c	MPN_RS00440	35.979	189	117	3	14	200	246	432	3.52e-33	119
Rv3102c	MPN_RS03855	33.990	203	127	4	19	219	72	269	8.02e-31	110
Rv3102c	MPN_RS01075	30.476	210	139	4	11	218	17	221	3.38e-28	103
Rv3102c	MPN_RS01080	33.659	205	130	4	19	218	37	240	5.83e-28	103
Rv3102c	MPN_RS02365	27.468	233	147	5	1	220	5	228	1.24e-22	87.4
Rv3102c	MPN_RS03465	30.180	222	132	7	11	217	91	304	2.33e-22	88.2
Rv3102c	MPN_RS00305	39.130	115	63	2	21	135	25	132	1.55e-20	84.3
Rv3102c	MPN_RS00305	38.614	101	61	1	119	218	329	429	2.87e-18	77.8
Rv3102c	MPN_RS02445	27.523	218	137	7	12	217	112	320	5.60e-17	73.6
Rv3102c	MPN_RS00110	27.461	193	119	4	13	194	407	589	1.23e-16	73.2
Rv3102c	MPN_RS02450	28.829	222	144	7	1	218	1	212	2.12e-16	71.2
Rv3102c	MPN_RS00775	38.095	105	64	1	113	216	338	442	5.58e-16	71.2
Rv3102c	MPN_RS00775	36.364	88	51	1	18	105	27	109	1.77e-13	63.9
Rv3102c	MPN_RS01870	23.232	198	144	4	1	196	6	197	5.46e-15	67.8
Rv3102c	MPN_RS01225	35.644	101	63	2	119	217	667	767	2.62e-14	66.2
Rv3102c	MPN_RS01225	36.986	73	44	1	18	88	30	102	5.15e-08	47.8
Rv3102c	MPN_RS01425	22.330	206	145	3	4	196	8	211	2.84e-14	66.2
Rv3102c	MPN_RS01220	24.521	261	148	8	6	217	28	288	1.51e-13	63.9
Rv3102c	MPN_RS00105	25.789	190	96	4	16	177	380	552	3.58e-13	62.8
Rv3102c	MPN_RS03270	24.309	181	113	7	36	212	494	654	1.16e-05	40.4
Rv3102c	MPN_RS03520	27.632	76	51	2	139	211	836	910	1.05e-04	37.4
Rv3105c	MPN_RS02030	30.484	351	224	8	23	367	8	344	2.40e-46	157
Rv3141	MPN_RS03235	30.189	106	64	4	146	244	174	276	8.55e-04	35.0
Rv3170	MPN_RS01535	36.842	38	24	0	9	46	16	53	3.40e-04	37.4
Rv3175	MPN_RS01320	24.324	444	272	14	78	487	59	472	3.42e-23	97.1
Rv3177	MPN_RS02700	21.176	255	173	7	42	286	25	261	6.75e-06	41.2
Rv3194c	MPN_RS01860	39.394	66	38	2	236	301	700	763	1.83e-05	40.8
Rv3198c	MPN_RS01905	24.037	649	394	20	12	587	9	631	7.73e-39	148
Rv3198c	MPN_RS01900	24.810	395	262	10	9	389	1	374	2.31e-26	108
Rv3198c	MPN_RS01900	38.636	88	50	2	496	583	381	464	4.28e-10	57.0
Rv3201c	MPN_RS01905	23.140	484	286	18	25	487	10	428	2.83e-23	100
Rv3201c	MPN_RS01900	23.956	455	267	15	27	460	7	403	4.50e-20	89.7
Rv3202c	MPN_RS01900	23.544	412	244	17	1	395	1	358	6.93e-16	76.6
Rv3203	MPN_RS02975	44.444	45	24	1	32	75	82	126	1.78e-04	36.2
Rv3211	MPN_RS03540	32.011	378	227	8	9	378	2	357	4.59e-52	178
Rv3211	MPN_RS02500	22.981	322	207	8	48	368	33	314	1.54e-17	79.3
Rv3211	MPN_RS01190	28.777	139	82	4	242	363	410	548	3.64e-09	53.5
Rv3213c	MPN_RS03870	26.070	257	162	7	6	250	2	242	2.89e-24	93.6
Rv3221c	MPN_RS02200	28.333	60	43	0	11	70	17	76	7.98e-04	30.8
Rv3228	MPN_RS01380	28.889	180	108	7	128	293	81	254	1.11e-14	68.2
Rv3240c	MPN_RS01185	39.083	829	418	10	12	827	15	769	0.0	553
Rv3247c	MPN_RS00030	31.013	158	95	5	1	155	5	151	7.09e-08	45.8
Rv3253c	MPN_RS01790	20.800	500	328	17	26	482	6	480	1.28e-05	42.0
Rv3253c	MPN_RS01735	26.590	173	103	7	139	294	124	289	2.22e-04	38.1
Rv3264c	MPN_RS03765	25.243	206	124	8	8	184	7	211	5.54e-08	48.1
Rv3270	MPN_RS01180	34.722	144	73	3	530	653	488	630	6.25e-18	82.8
Rv3270	MPN_RS01180	26.786	224	138	7	229	426	126	349	2.86e-08	51.6
Rv3286c	MPN_RS01970	26.809	235	149	7	41	257	250	479	2.13e-16	73.2
Rv3297	MPN_RS02140	23.077	221	152	7	49	254	57	274	1.16e-12	61.2
Rv3300c	MPN_RS01615	25.573	262	170	9	42	285	29	283	3.73e-16	72.4
Rv3300c	MPN_RS03150	23.750	240	159	8	31	248	29	266	1.13e-07	47.0
Rv3302c	MPN_RS00270	41.509	53	30	1	34	85	2	54	4.73e-05	40.4
Rv3303c	MPN_RS02195	26.327	471	318	10	1	463	1	450	1.63e-38	141
Rv3303c	MPN_RS02215	23.297	279	185	11	187	443	172	443	1.57e-04	38.5
Rv3308	MPN_RS00365	25.468	534	348	15	4	504	10	526	4.06e-49	173
Rv3309c	MPN_RS00180	40.594	202	120	0	6	207	5	206	1.32e-56	173
Rv3314c	MPN_RS00355	35.222	406	237	7	10	395	5	404	2.24e-75	236
Rv3315c	MPN_RS00360	32.039	103	65	3	3	103	4	103	1.02e-13	58.9
Rv3336c	MPN_RS01460	36.628	344	195	5	8	334	3	340	1.15e-71	221
Rv3356c	MPN_RS00090	31.183	279	169	6	6	279	3	263	2.51e-30	110
Rv3366	MPN_RS02985	33.553	152	95	3	4	150	8	158	4.69e-26	92.4
Rv3370c	MPN_RS02130	27.160	891	566	25	46	909	2	836	1.06e-86	294
Rv3370c	MPN_RS00185	18.663	718	413	22	301	906	775	1433	4.89e-08	51.6
Rv3375	MPN_RS01320	25.290	431	279	12	72	465	47	471	3.29e-29	114
Rv3379c	MPN_RS00445	25.664	113	72	4	70	181	141	242	2.50e-04	38.1
Rv3404c	MPN_RS03125	27.481	131	85	5	76	202	102	226	6.98e-07	43.9
Rv3417c	MPN_RS03280	39.850	532	311	1	1	523	1	532	7.75e-126	374
Rv3418c	MPN_RS03285	33.663	101	57	5	4	97	1	98	1.08e-08	44.3
Rv3419c	MPN_RS00325	34.545	330	180	12	4	319	7	314	1.42e-43	148
Rv3427c	MPN_RS03860	21.538	130	76	5	104	217	137	256	3.73e-04	35.8
Rv3441c	MPN_RS00365	25.959	339	217	11	5	314	45	378	7.83e-17	77.4
Rv3442c	MPN_RS03505	47.581	124	63	1	30	151	9	132	3.79e-30	101
Rv3443c	MPN_RS03510	44.882	127	70	0	13	139	16	142	2.63e-41	130
Rv3455c	MPN_RS01090	26.471	238	155	6	2	237	23	242	6.84e-19	78.2
Rv3456c	MPN_RS01070	30.631	111	71	1	11	115	8	118	1.14e-14	62.4
Rv3457c	MPN_RS01065	39.610	308	169	3	17	309	21	326	6.09e-69	214
Rv3458c	MPN_RS02515	37.073	205	119	4	3	201	2	202	2.03e-38	127
Rv3459c	MPN_RS01060	51.261	119	58	0	20	138	3	121	2.40e-42	131
Rv3460c	MPN_RS01055	57.025	121	51	1	1	121	1	120	5.02e-49	148
Rv3461c	MPN_RS01050	62.162	37	14	0	1	37	1	37	7.44e-12	47.8
Rv3462c	MPN_RS01045	48.571	70	35	1	2	71	9	77	8.48e-17	63.2
Rv3464	MPN_RS01420	27.386	241	141	11	2	218	7	237	8.61e-19	80.5
Rv3473c	MPN_RS02700	26.531	98	70	2	1	97	24	120	6.64e-06	40.8
Rv3537	MPN_RS02195	36.364	77	45	2	6	82	3	75	3.44e-06	43.9
Rv3569c	MPN_RS02510	22.727	242	150	9	64	288	64	285	2.73e-05	39.3
Rv3579c	MPN_RS01985	25.896	251	161	8	61	300	1	237	2.63e-18	77.8
Rv3579c	MPN_RS02985	25.166	151	91	5	171	308	16	157	3.03e-06	41.6
Rv3580c	MPN_RS01990	32.071	396	254	8	6	394	7	394	4.94e-59	195
Rv3580c	MPN_RS00130	26.389	72	53	0	39	110	15	86	3.59e-04	37.4
Rv3582c	MPN_RS01410	26.087	138	87	6	103	231	119	250	1.23e-04	36.6
Rv3596c	MPN_RS03060	39.655	696	335	8	164	790	8	687	1.53e-174	516
Rv3596c	MPN_RS01860	28.906	128	76	7	549	667	375	496	2.33e-04	39.3
Rv3598c	MPN_RS01530	35.211	497	302	10	10	501	5	486	2.82e-89	277
Rv3598c	MPN_RS00240	25.498	251	172	7	62	308	27	266	4.88e-13	65.9
Rv3598c	MPN_RS00240	31.868	91	53	3	409	498	444	526	9.57e-08	48.9
Rv3610c	MPN_RS03790	46.627	504	249	8	119	611	179	673	3.98e-142	429
Rv3610c	MPN_RS03090	29.752	121	50	5	158	268	7	102	4.11e-06	43.9
Rv3624c	MPN_RS03795	28.249	177	121	1	37	213	3	173	4.46e-28	99.8
Rv3628	MPN_RS03040	39.375	160	88	2	3	158	6	160	2.34e-33	111
Rv3634c	MPN_RS01420	24.024	333	221	9	2	309	7	332	8.42e-19	80.5
Rv3644c	MPN_RS03515	23.226	155	116	2	39	193	36	187	8.35e-13	64.7
Rv3644c	MPN_RS00035	24.648	142	98	4	40	179	5	139	3.71e-06	42.7
Rv3646c	MPN_RS01440	30.435	759	418	27	17	733	2	692	6.74e-85	283
Rv3663c	MPN_RS01220	33.000	300	157	3	8	264	21	319	1.61e-47	166
Rv3663c	MPN_RS01220	29.818	275	150	5	305	536	39	313	6.79e-35	131
Rv3663c	MPN_RS01225	46.825	126	67	0	411	536	667	792	9.87e-34	131
Rv3663c	MPN_RS01225	40.299	134	78	1	128	261	664	795	4.36e-26	107
Rv3663c	MPN_RS01225	32.759	116	70	3	7	118	10	121	5.88e-13	66.2
Rv3663c	MPN_RS01225	37.634	93	57	1	305	396	29	121	1.34e-12	65.1
Rv3663c	MPN_RS03465	32.661	248	140	9	299	532	91	325	4.29e-32	121
Rv3663c	MPN_RS03465	27.734	256	166	10	8	255	82	326	3.02e-21	89.7
Rv3663c	MPN_RS01080	32.800	250	145	9	279	520	14	248	9.21e-32	119
Rv3663c	MPN_RS01080	27.737	274	170	8	8	262	16	280	1.41e-16	75.5
Rv3663c	MPN_RS01075	31.004	229	145	5	295	521	13	230	2.68e-30	114
Rv3663c	MPN_RS01075	29.046	241	145	8	10	244	11	231	7.61e-23	93.2
Rv3663c	MPN_RS00440	30.734	218	139	5	16	232	241	447	6.33e-23	96.7
Rv3663c	MPN_RS00440	29.918	244	157	8	269	510	216	447	8.51e-21	90.1
Rv3663c	MPN_RS00775	35.606	132	80	2	408	539	341	467	6.98e-21	90.9
Rv3663c	MPN_RS00775	38.298	94	50	3	303	396	24	109	1.93e-10	57.8
Rv3663c	MPN_RS00775	26.515	132	87	1	151	282	361	482	3.48e-10	57.0
Rv3663c	MPN_RS00775	29.670	91	53	3	9	99	13	92	4.50e-07	47.0
Rv3663c	MPN_RS03845	29.756	205	135	6	310	513	136	332	1.06e-19	85.1
Rv3663c	MPN_RS03845	29.808	208	135	5	28	235	136	332	1.74e-18	81.6
Rv3663c	MPN_RS03855	26.906	223	141	5	16	233	62	267	1.23e-18	81.3
Rv3663c	MPN_RS03855	26.214	206	141	4	307	511	72	267	2.08e-16	74.7
Rv3663c	MPN_RS00110	27.948	229	122	10	309	519	415	618	7.43e-17	78.2
Rv3663c	MPN_RS00110	25.591	254	148	10	15	253	401	628	7.23e-12	62.4
Rv3663c	MPN_RS00305	34.343	99	65	0	429	527	346	444	5.06e-16	75.5
Rv3663c	MPN_RS00305	32.540	126	79	1	132	257	333	452	3.58e-15	72.8
Rv3663c	MPN_RS00305	34.286	70	42	1	8	77	6	71	9.28e-07	45.8
Rv3663c	MPN_RS00305	23.810	84	50	2	306	389	22	91	1.55e-04	38.9
Rv3663c	MPN_RS02365	20.870	230	158	7	22	241	18	233	1.11e-15	71.6
Rv3663c	MPN_RS02365	21.795	234	158	8	295	519	16	233	3.21e-14	67.4
Rv3663c	MPN_RS02450	24.569	232	149	8	306	528	18	232	3.96e-14	67.4
Rv3663c	MPN_RS02450	24.314	255	158	9	8	250	1	232	6.22e-11	57.8
Rv3663c	MPN_RS01870	24.701	251	154	8	1	241	1	226	1.22e-13	66.6
Rv3663c	MPN_RS01870	21.121	232	160	5	293	519	13	226	1.31e-12	63.5
Rv3663c	MPN_RS00105	27.869	183	106	5	310	476	386	558	1.29e-13	68.2
Rv3663c	MPN_RS00105	26.667	180	112	5	28	196	386	556	1.96e-09	54.7
Rv3663c	MPN_RS02445	28.448	232	136	9	322	534	134	354	2.47e-13	66.2
Rv3663c	MPN_RS02445	24.434	221	150	6	31	246	125	333	4.27e-08	50.1
Rv3663c	MPN_RS01425	25.581	215	139	8	310	511	26	232	2.10e-12	63.9
Rv3663c	MPN_RS01425	26.471	238	134	12	309	524	347	565	4.78e-11	59.7
Rv3663c	MPN_RS03520	23.626	182	115	6	363	535	780	946	7.31e-05	40.0
Rv3664c	MPN_RS01215	27.632	228	146	7	43	259	152	371	5.03e-11	57.0
Rv3664c	MPN_RS01210	24.084	191	110	6	20	181	38	222	1.72e-05	40.0
Rv3665c	MPN_RS01210	30.000	290	173	8	39	306	15	296	2.30e-29	110
Rv3673c	MPN_RS01450	26.786	56	41	0	113	168	17	72	2.64e-04	34.3
Rv3696c	MPN_RS00265	42.690	513	276	6	13	516	4	507	1.75e-147	428
Rv3716c	MPN_RS01520	30.263	76	48	2	7	81	6	77	1.05e-08	45.1
Rv3721c	MPN_RS03515	35.531	273	156	6	3	274	5	258	5.70e-51	181
Rv3721c	MPN_RS03090	28.571	168	94	7	9	168	8	157	1.22e-07	48.1
Rv3721c	MPN_RS00035	22.222	99	75	1	70	168	37	133	1.53e-04	38.1
Rv3726	MPN_RS03235	23.182	220	134	8	14	215	15	217	1.60e-04	37.7
Rv3743c	MPN_RS01180	29.885	174	96	5	465	615	489	659	1.89e-12	65.1
Rv3743c	MPN_RS01180	24.468	282	169	10	109	360	84	351	2.81e-09	54.7
Rv3758c	MPN_RS00440	34.081	223	136	5	1	216	231	449	5.35e-27	106
Rv3758c	MPN_RS03465	29.915	234	146	9	21	242	102	329	2.18e-25	100
Rv3758c	MPN_RS01075	29.902	204	133	5	18	217	25	222	1.30e-23	94.0
Rv3758c	MPN_RS00775	38.889	126	75	2	113	238	342	465	2.29e-23	96.3
Rv3758c	MPN_RS00775	39.759	83	48	1	15	97	25	105	4.15e-14	68.2
Rv3758c	MPN_RS01080	27.854	219	143	5	3	212	24	236	5.22e-23	92.8
Rv3758c	MPN_RS02365	29.717	212	139	4	1	204	5	214	8.02e-22	88.2
Rv3758c	MPN_RS03855	30.702	228	137	6	2	218	53	270	1.96e-21	88.2
Rv3758c	MPN_RS00305	39.370	127	75	2	118	244	332	456	7.00e-21	89.0
Rv3758c	MPN_RS00305	33.673	98	63	1	1	98	6	101	3.43e-12	62.4
Rv3758c	MPN_RS03845	31.280	211	119	8	1	195	111	311	1.94e-20	86.3
Rv3758c	MPN_RS01425	24.797	246	155	9	5	225	9	249	1.32e-15	72.8
Rv3758c	MPN_RS01425	20.188	213	145	6	21	215	348	553	7.25e-06	42.4
Rv3758c	MPN_RS02450	27.632	228	149	7	1	222	1	218	9.92e-15	68.6
Rv3758c	MPN_RS01225	40.698	86	49	2	112	196	664	748	2.86e-14	68.9
Rv3758c	MPN_RS01870	27.513	189	131	5	28	215	35	218	5.65e-14	67.0
Rv3758c	MPN_RS02445	27.835	194	130	5	18	204	119	309	1.13e-13	66.2
Rv3758c	MPN_RS01220	29.661	118	80	2	117	232	188	304	5.66e-13	64.3
Rv3758c	MPN_RS00110	26.570	207	124	6	23	215	418	610	6.00e-12	61.6
Rv3758c	MPN_RS00105	28.221	163	98	5	34	178	399	560	1.88e-09	53.9
Rv3778c	MPN_RS02775	21.574	394	273	12	19	396	24	397	5.81e-16	73.6
Rv3781	MPN_RS01075	24.020	204	128	4	53	236	25	221	2.77e-15	68.9
Rv3781	MPN_RS02450	27.439	164	102	5	52	204	18	175	6.23e-12	59.3
Rv3781	MPN_RS03845	24.752	202	134	3	50	235	130	329	8.59e-10	53.1
Rv3781	MPN_RS03465	22.747	233	150	6	51	257	97	325	2.17e-08	48.9
Rv3781	MPN_RS00305	30.088	113	76	3	130	240	321	432	8.58e-08	47.4
Rv3781	MPN_RS00305	35.294	68	42	1	52	119	22	87	1.35e-07	47.0
Rv3781	MPN_RS00105	24.022	179	108	5	51	202	381	558	8.65e-08	47.4
Rv3781	MPN_RS00440	22.277	202	135	5	53	236	251	448	1.09e-07	47.0
Rv3781	MPN_RS01870	21.359	206	148	5	53	246	25	228	2.88e-07	45.4
Rv3781	MPN_RS03855	28.358	201	114	6	56	235	75	266	3.15e-07	45.1
Rv3781	MPN_RS01220	19.615	260	145	5	49	244	37	296	5.74e-07	44.7
Rv3781	MPN_RS01080	23.267	202	124	7	68	244	52	247	5.37e-06	41.6
Rv3781	MPN_RS01225	26.829	123	88	2	124	244	653	775	5.64e-06	42.0
Rv3781	MPN_RS01425	23.958	192	120	3	68	233	38	229	1.09e-05	40.8
Rv3781	MPN_RS02365	20.312	192	124	5	53	219	21	208	4.21e-05	38.5
Rv3781	MPN_RS00110	45.000	40	22	0	53	92	413	452	3.06e-04	36.6
Rv3781	MPN_RS00775	28.395	81	48	2	52	122	27	107	5.15e-04	35.8
Rv3781	MPN_RS00775	25.893	112	70	2	140	244	346	451	7.08e-04	35.4
Rv3784	MPN_RS01420	27.445	317	197	11	2	292	7	316	2.21e-24	96.3
Rv3809c	MPN_RS01535	30.673	401	239	14	7	384	14	398	5.22e-49	166
Rv3813c	MPN_RS02420	25.000	256	168	9	11	249	15	263	8.48e-19	79.0
Rv3813c	MPN_RS02155	23.239	284	199	7	1	271	1	278	3.45e-09	51.2
Rv3813c	MPN_RS02145	21.886	297	196	12	1	270	1	288	4.17e-09	50.8
Rv3814c	MPN_RS01650	27.922	154	100	5	6	152	55	204	4.65e-10	53.5
Rv3815c	MPN_RS01650	30.822	146	94	4	12	152	61	204	7.88e-12	58.5
Rv3816c	MPN_RS01650	32.680	153	96	5	5	153	55	204	9.55e-15	67.0
Rv3825c	MPN_RS03235	27.778	234	126	8	1481	1678	51	277	4.76e-05	42.4
Rv3834c	MPN_RS00025	34.450	418	265	6	1	413	1	414	9.63e-75	234
Rv3842c	MPN_RS02385	26.667	210	138	5	14	220	7	203	3.02e-17	73.9
Rv3842c	MPN_RS03245	27.465	142	92	4	12	151	4	136	1.87e-07	45.4
Rv3868	MPN_RS03090	25.824	182	105	8	329	500	40	201	4.63e-06	43.1
Rv3868	MPN_RS01860	26.768	198	108	10	295	475	349	526	2.27e-04	38.5
Rv3884c	MPN_RS03090	24.000	275	161	13	348	609	25	264	1.40e-05	42.0
Rv3913	MPN_RS01335	36.513	304	176	6	14	309	15	309	4.91e-47	156
Rv3913	MPN_RS02195	25.000	152	79	3	16	136	4	151	4.31e-09	52.0
Rv3914	MPN_RS01450	37.363	91	56	1	20	110	13	102	2.42e-22	79.3
Rv3918c	MPN_RS03870	26.606	218	131	8	86	286	2	207	1.05e-14	68.2
Rv3919c	MPN_RS03200	24.503	151	100	5	20	163	7	150	4.68e-12	57.8
Rv3924c	MPN_RS03840	46.512	43	23	0	5	47	2	44	2.29e-09	42.4
