SACI_RS00040	MPN_RS03225	33.471	242	142	5	24	262	16	241	1.18e-35	123
SACI_RS00075	MPN_RS02145	29.032	93	63	1	128	217	198	290	1.44e-06	42.7
SACI_RS00075	MPN_RS02155	28.916	83	57	2	140	220	200	282	1.20e-04	37.0
SACI_RS00075	MPN_RS02420	22.727	110	81	2	97	202	163	272	3.89e-04	35.4
SACI_RS00135	MPN_RS01335	26.923	286	191	10	4	283	16	289	5.02e-14	66.6
SACI_RS00135	MPN_RS02195	22.928	362	198	15	4	315	3	333	3.78e-06	42.7
SACI_RS00180	MPN_RS01450	40.964	83	48	1	20	102	15	96	1.64e-22	79.7
SACI_RS00230	MPN_RS02445	34.409	93	53	3	793	884	243	328	1.57e-06	45.8
SACI_RS00230	MPN_RS03520	28.421	95	60	2	791	883	493	581	4.42e-05	41.6
SACI_RS00230	MPN_RS03520	32.222	90	52	2	788	874	831	914	6.53e-04	37.7
SACI_RS00230	MPN_RS03845	33.750	80	44	3	793	870	252	324	8.28e-05	40.0
SACI_RS00230	MPN_RS02415	27.879	165	94	8	1	149	2	157	8.41e-05	40.8
SACI_RS00230	MPN_RS01080	30.108	93	53	3	793	879	161	247	3.21e-04	38.1
SACI_RS00230	MPN_RS00775	34.286	70	35	3	793	859	364	425	4.10e-04	38.5
SACI_RS00305	MPN_RS01530	37.705	488	284	9	5	484	10	485	1.03e-106	322
SACI_RS00305	MPN_RS00240	27.572	243	159	7	52	288	27	258	2.23e-16	76.3
SACI_RS00305	MPN_RS00240	29.897	97	57	3	387	482	440	526	6.06e-09	52.8
SACI_RS00305	MPN_RS01395	20.390	461	323	13	42	482	11	447	1.35e-13	67.4
SACI_RS00350	MPN_RS01460	24.367	316	189	13	34	321	4	297	6.59e-11	57.4
SACI_RS00370	MPN_RS01055	28.244	131	71	1	9	139	1	108	1.73e-13	58.9
SACI_RS00375	MPN_RS02515	34.444	90	50	2	68	150	54	141	4.98e-09	48.5
SACI_RS00380	MPN_RS01060	31.746	126	75	3	1	124	1	117	5.16e-15	62.0
SACI_RS00395	MPN_RS03510	20.000	130	77	3	6	116	17	138	6.64e-04	32.7
SACI_RS00400	MPN_RS03505	32.800	125	75	5	13	134	10	128	3.47e-11	52.4
SACI_RS00410	MPN_RS01175	40.278	72	42	1	136	207	173	243	4.04e-10	53.1
SACI_RS00470	MPN_RS00045	25.194	258	170	11	2	238	3	258	3.13e-11	56.6
SACI_RS00545	MPN_RS00310	22.311	251	159	10	31	262	45	278	5.56e-04	35.0
SACI_RS00555	MPN_RS03570	23.571	140	81	5	55	175	55	187	3.09e-04	35.4
SACI_RS00585	MPN_RS01545	43.396	53	27	2	22	74	51	100	2.44e-05	38.9
SACI_RS00645	MPN_RS02195	26.829	451	284	16	3	412	5	450	2.10e-33	125
SACI_RS00645	MPN_RS02215	22.667	300	172	13	150	399	164	453	2.03e-05	41.2
SACI_RS00645	MPN_RS03195	28.188	149	88	5	3	132	5	153	5.15e-04	36.6
SACI_RS00710	MPN_RS02215	23.305	472	324	13	1	437	1	469	7.04e-24	98.6
SACI_RS00725	MPN_RS01990	34.943	352	216	4	25	376	26	364	7.59e-72	229
SACI_RS00865	MPN_RS00445	29.778	225	138	7	39	247	22	242	6.09e-20	84.0
SACI_RS00870	MPN_RS02205	25.436	287	179	11	49	313	54	327	1.21e-10	56.2
SACI_RS00870	MPN_RS00445	20.938	320	221	12	8	313	343	644	4.64e-08	48.9
SACI_RS00945	MPN_RS03765	29.032	62	44	0	3	64	6	67	1.12e-05	41.2
SACI_RS00985	MPN_RS03870	32.298	161	75	5	1	130	1	158	3.99e-15	67.4
SACI_RS01200	MPN_RS03805	28.065	310	206	8	2	299	4	308	1.15e-29	110
SACI_RS01255	MPN_RS00440	32.663	199	116	6	1	188	254	445	2.76e-24	95.1
SACI_RS01255	MPN_RS01075	29.534	193	125	3	1	187	28	215	3.06e-23	90.1
SACI_RS01255	MPN_RS00305	36.957	138	77	3	79	216	318	445	1.07e-21	88.2
SACI_RS01255	MPN_RS00305	38.372	86	48	3	1	81	26	111	1.62e-11	58.2
SACI_RS01255	MPN_RS03845	28.646	192	122	3	1	183	136	321	4.42e-19	79.7
SACI_RS01255	MPN_RS03465	26.293	232	142	10	1	212	102	324	2.92e-18	77.0
SACI_RS01255	MPN_RS01080	32.642	193	114	7	7	187	46	234	1.33e-17	75.1
SACI_RS01255	MPN_RS00105	30.508	177	92	5	1	152	386	556	2.42e-17	75.5
SACI_RS01255	MPN_RS01425	33.019	212	105	9	1	186	26	226	1.37e-15	70.1
SACI_RS01255	MPN_RS01425	21.256	207	137	4	1	187	348	548	3.10e-04	36.2
SACI_RS01255	MPN_RS02365	26.131	199	131	5	1	186	24	219	4.08e-15	67.4
SACI_RS01255	MPN_RS00775	35.780	109	67	2	87	195	341	446	1.66e-14	67.0
SACI_RS01255	MPN_RS00775	37.333	75	44	1	1	72	31	105	1.99e-12	60.8
SACI_RS01255	MPN_RS02450	29.208	202	111	9	1	187	22	206	3.22e-14	65.1
SACI_RS01255	MPN_RS03855	31.443	194	112	6	1	183	75	258	1.34e-13	63.5
SACI_RS01255	MPN_RS00110	28.000	200	121	8	1	187	416	605	2.45e-13	63.5
SACI_RS01255	MPN_RS02445	27.895	190	116	6	8	183	129	311	4.66e-12	59.7
SACI_RS01255	MPN_RS01220	30.000	100	58	3	93	186	189	282	1.13e-10	55.5
SACI_RS01255	MPN_RS01870	25.532	188	121	6	9	187	36	213	8.76e-10	52.8
SACI_RS01255	MPN_RS01225	26.415	159	97	6	33	187	620	762	2.33e-09	52.0
SACI_RS01255	MPN_RS03270	26.829	164	109	5	13	176	492	644	1.84e-05	40.0
SACI_RS01340	MPN_RS00155	29.915	117	80	1	43	159	7	121	2.31e-10	55.8
SACI_RS01340	MPN_RS02755	29.487	78	52	2	40	116	2	77	3.68e-04	36.6
SACI_RS01370	MPN_RS03540	21.277	376	247	14	24	378	5	352	4.35e-09	53.9
SACI_RS01370	MPN_RS02500	22.552	337	202	15	63	378	23	321	6.06e-07	47.0
SACI_RS01500	MPN_RS02190	29.954	217	139	6	1	209	1	212	9.22e-23	90.1
SACI_RS01505	MPN_RS02200	25.806	62	46	0	19	80	16	77	6.72e-04	31.6
SACI_RS01515	MPN_RS02190	22.097	267	175	10	1	258	1	243	1.18e-14	67.4
SACI_RS01545	MPN_RS02195	54.545	33	15	0	1	33	1	33	3.07e-04	37.4
SACI_RS01655	MPN_RS02195	27.214	463	296	13	1	431	1	454	5.39e-38	138
SACI_RS01655	MPN_RS02215	25.532	188	119	7	148	314	152	339	2.24e-07	47.4
SACI_RS01655	MPN_RS01535	30.769	91	42	5	2	73	14	102	5.13e-05	39.7
SACI_RS01690	MPN_RS02190	25.000	292	200	6	1	281	1	284	1.18e-17	77.4
SACI_RS01715	MPN_RS02190	22.596	208	150	4	36	234	35	240	7.89e-09	51.2
SACI_RS01765	MPN_RS01320	31.084	415	249	11	86	465	59	471	3.32e-50	172
SACI_RS01825	MPN_RS02740	20.519	809	427	28	39	790	46	695	8.63e-19	86.3
SACI_RS01825	MPN_RS02160	27.624	181	98	5	5	180	5	157	7.75e-15	73.6
SACI_RS01825	MPN_RS02160	27.857	140	74	6	573	687	497	634	1.92e-05	42.7
SACI_RS01825	MPN_RS02980	22.188	329	207	10	10	315	26	328	6.32e-09	54.3
SACI_RS01825	MPN_RS02980	26.699	206	115	10	600	776	564	762	1.04e-07	50.4
SACI_RS01825	MPN_RS00130	30.841	107	62	4	573	671	246	348	3.11e-06	45.1
SACI_RS01905	MPN_RS01075	32.394	213	133	5	46	251	25	233	2.79e-30	109
SACI_RS01905	MPN_RS00440	33.182	220	130	6	29	234	231	447	1.89e-29	110
SACI_RS01905	MPN_RS01080	33.333	216	127	7	43	243	34	247	3.23e-28	105
SACI_RS01905	MPN_RS03845	31.466	232	138	7	29	243	111	338	2.20e-23	92.4
SACI_RS01905	MPN_RS01870	28.061	196	133	3	46	235	25	218	1.06e-22	90.5
SACI_RS01905	MPN_RS02365	26.244	221	148	5	41	246	16	236	1.96e-20	82.8
SACI_RS01905	MPN_RS03855	30.952	210	133	7	49	248	75	282	7.38e-19	79.0
SACI_RS01905	MPN_RS01425	25.630	238	151	5	32	243	8	245	1.19e-17	77.4
SACI_RS01905	MPN_RS01425	23.853	218	144	7	47	244	346	561	1.80e-09	52.8
SACI_RS01905	MPN_RS03465	25.641	234	154	7	28	243	81	312	1.87e-17	75.9
SACI_RS01905	MPN_RS00305	33.333	135	83	3	29	157	6	139	7.01e-16	72.0
SACI_RS01905	MPN_RS00305	36.607	112	70	1	135	245	327	438	9.71e-16	71.6
SACI_RS01905	MPN_RS00775	37.190	121	71	2	137	252	344	464	1.14e-15	71.2
SACI_RS01905	MPN_RS00775	32.075	106	69	2	45	150	27	129	1.53e-11	58.9
SACI_RS01905	MPN_RS00110	27.753	227	134	9	39	246	406	621	4.25e-15	69.7
SACI_RS01905	MPN_RS02445	26.728	217	141	6	44	245	117	330	2.11e-14	67.0
SACI_RS01905	MPN_RS02450	27.143	210	144	6	45	248	18	224	2.51e-14	66.2
SACI_RS01905	MPN_RS01220	23.934	305	149	11	29	263	21	312	1.61e-13	64.7
SACI_RS01905	MPN_RS01225	29.464	112	77	2	134	243	664	775	1.58e-12	62.0
SACI_RS01905	MPN_RS01225	41.379	58	34	0	35	92	20	77	3.31e-07	45.8
SACI_RS01905	MPN_RS00105	26.012	173	102	6	46	195	383	552	5.29e-10	54.3
SACI_RS01905	MPN_RS03520	23.316	193	110	8	96	257	415	600	0.001	35.0
SACI_RS02005	MPN_RS03235	25.402	311	199	9	26	315	26	324	3.37e-22	90.9
SACI_RS02055	MPN_RS03765	27.778	252	136	8	2	219	4	243	2.31e-22	88.6
SACI_RS02180	MPN_RS01460	23.451	226	147	10	78	281	7	228	1.86e-06	43.9
SACI_RS02545	MPN_RS01870	30.601	183	107	10	14	182	19	195	5.87e-13	61.2
SACI_RS02545	MPN_RS01075	27.368	190	125	5	26	204	32	219	9.41e-13	60.5
SACI_RS02545	MPN_RS01080	25.714	175	111	6	27	183	45	218	4.10e-10	53.1
SACI_RS02545	MPN_RS00440	30.978	184	105	11	19	184	250	429	7.92e-10	52.4
SACI_RS02545	MPN_RS02445	26.364	220	133	10	18	210	117	334	1.44e-09	51.6
SACI_RS02545	MPN_RS02450	28.962	183	103	8	20	184	19	192	3.49e-09	50.1
SACI_RS02545	MPN_RS03845	29.885	174	107	8	31	190	145	317	5.65e-09	49.7
SACI_RS02545	MPN_RS01425	23.963	217	134	9	2	189	3	217	7.22e-09	49.7
SACI_RS02545	MPN_RS00775	30.120	83	54	1	116	194	351	433	6.13e-07	43.9
SACI_RS02545	MPN_RS00775	37.313	67	40	2	2	66	10	76	3.05e-05	38.9
SACI_RS02545	MPN_RS00110	20.976	205	140	6	19	206	412	611	2.83e-05	38.9
SACI_RS02545	MPN_RS03270	25.352	142	95	4	33	171	491	624	4.14e-05	38.5
SACI_RS02545	MPN_RS03465	24.607	191	121	7	15	183	94	283	9.82e-05	37.0
SACI_RS02545	MPN_RS03855	27.485	171	109	4	33	190	86	254	1.67e-04	36.2
SACI_RS02545	MPN_RS00305	30.488	82	52	2	129	206	349	429	2.17e-04	36.2
SACI_RS02545	MPN_RS01225	23.529	85	60	2	109	189	669	752	2.92e-04	35.8
SACI_RS02585	MPN_RS00805	50.000	36	18	0	246	281	272	307	1.46e-04	37.7
SACI_RS02605	MPN_RS02795	32.576	132	66	6	4	134	40	149	2.14e-07	45.8
SACI_RS02630	MPN_RS03790	48.649	37	17	1	57	93	255	289	9.87e-05	39.3
SACI_RS02630	MPN_RS01860	41.667	48	27	1	42	89	352	398	2.80e-04	37.7
SACI_RS02640	MPN_RS03095	32.022	178	107	4	15	188	32	199	1.50e-25	101
SACI_RS02705	MPN_RS02720	40.385	52	31	0	1	52	3	54	1.10e-07	45.1
SACI_RS02725	MPN_RS01030	22.062	417	235	17	78	459	87	448	2.41e-04	37.7
SACI_RS02740	MPN_RS01020	33.858	127	70	2	63	187	70	184	1.45e-17	73.2
SACI_RS02765	MPN_RS01005	32.847	137	77	3	5	133	13	142	8.40e-12	53.9
SACI_RS11545	MPN_RS01000	50.000	28	12	1	19	46	24	49	4.96e-05	32.0
SACI_RS02770	MPN_RS00995	36.090	133	76	4	10	133	24	156	3.26e-18	73.2
SACI_RS02785	MPN_RS00985	44.444	117	57	4	26	138	10	122	7.76e-24	84.7
SACI_RS02805	MPN_RS00965	31.792	173	110	4	19	185	37	207	1.83e-16	71.2
SACI_RS02810	MPN_RS00960	37.143	70	43	1	87	155	40	109	4.80e-06	39.3
SACI_RS02815	MPN_RS00955	41.667	84	45	3	40	122	3	83	2.97e-13	56.6
SACI_RS02820	MPN_RS00950	33.484	221	127	7	2	219	51	254	8.35e-22	86.3
SACI_RS02835	MPN_RS00935	26.506	166	92	8	190	341	92	241	1.55e-05	40.4
SACI_RS02845	MPN_RS02980	28.147	842	525	23	11	821	24	816	1.19e-88	299
SACI_RS02845	MPN_RS02740	21.384	795	507	23	18	801	24	711	8.84e-43	163
SACI_RS02845	MPN_RS02160	22.222	324	174	8	319	622	332	597	3.03e-15	75.1
SACI_RS02845	MPN_RS02160	26.702	191	105	5	10	193	7	169	1.96e-09	56.2
SACI_RS02845	MPN_RS00130	25.683	183	104	7	37	209	2	162	1.46e-06	46.6
SACI_RS02845	MPN_RS00130	38.095	42	26	0	582	623	289	330	1.40e-04	40.0
SACI_RS02865	MPN_RS01270	29.987	757	396	20	16	716	6	684	2.62e-84	276
SACI_RS02865	MPN_RS01540	42.424	132	75	1	19	150	5	135	8.85e-26	107
SACI_RS02865	MPN_RS01540	20.976	205	145	6	288	482	186	383	2.82e-07	48.1
SACI_RS02865	MPN_RS03755	24.242	330	161	13	22	344	14	261	1.38e-15	73.9
SACI_RS02865	MPN_RS00885	29.801	151	85	3	23	173	124	253	2.18e-11	61.6
SACI_RS02940	MPN_RS00145	31.197	234	130	5	1	229	1	208	1.25e-25	101
SACI_RS02940	MPN_RS03230	26.804	194	102	5	1	191	159	315	6.34e-10	55.1
SACI_RS02945	MPN_RS03765	26.937	271	149	11	2	230	6	269	1.57e-14	68.6
SACI_RS02955	MPN_RS01985	24.837	153	106	6	5	156	98	242	5.47e-06	40.8
SACI_RS02960	MPN_RS02035	28.182	110	74	3	20	125	90	198	1.66e-06	42.4
SACI_RS02965	MPN_RS03825	27.751	209	124	8	4	187	9	215	3.27e-12	58.9
SACI_RS03115	MPN_RS02715	25.698	179	107	6	178	348	3	163	5.64e-05	39.3
SACI_RS03115	MPN_RS02715	32.593	135	65	7	180	302	183	303	7.06e-04	35.8
SACI_RS03115	MPN_RS03230	35.593	59	38	0	176	234	159	217	1.80e-04	37.7
SACI_RS03115	MPN_RS00040	28.481	158	100	7	151	305	192	339	7.66e-04	35.8
SACI_RS03125	MPN_RS03790	44.015	259	142	2	121	379	213	468	4.18e-67	221
SACI_RS03125	MPN_RS03090	27.586	116	62	4	130	242	6	102	6.33e-07	45.4
SACI_RS03160	MPN_RS00235	30.496	423	263	13	1	413	1	402	1.44e-46	160
SACI_RS03175	MPN_RS03280	24.689	563	313	21	27	523	7	524	1.90e-16	76.6
SACI_RS03205	MPN_RS00110	26.630	184	102	6	364	522	419	594	2.63e-11	60.8
SACI_RS03205	MPN_RS00110	22.439	205	128	4	97	287	421	608	1.92e-05	42.0
SACI_RS03205	MPN_RS00440	28.922	204	115	9	366	542	259	459	3.40e-11	60.1
SACI_RS03205	MPN_RS00440	27.586	203	120	7	97	287	259	446	8.94e-08	49.3
SACI_RS03205	MPN_RS01075	26.087	184	118	5	367	534	34	215	4.39e-11	58.5
SACI_RS03205	MPN_RS01075	23.370	184	116	4	98	271	34	202	4.62e-09	52.4
SACI_RS03205	MPN_RS02365	23.037	191	124	4	368	535	31	221	2.52e-10	55.8
SACI_RS03205	MPN_RS01080	23.560	191	109	5	373	534	52	234	3.92e-10	55.8
SACI_RS03205	MPN_RS01080	23.664	262	176	12	95	344	43	292	4.37e-05	40.4
SACI_RS03205	MPN_RS03845	27.027	185	115	4	368	534	143	325	4.59e-10	56.2
SACI_RS03205	MPN_RS03845	24.242	198	129	4	99	287	143	328	2.85e-07	47.4
SACI_RS03205	MPN_RS03465	26.961	204	105	9	366	535	107	300	3.65e-09	53.1
SACI_RS03205	MPN_RS03465	25.210	238	133	9	64	283	81	291	3.74e-08	50.1
SACI_RS03205	MPN_RS00775	27.619	105	73	1	430	534	337	438	2.71e-08	51.2
SACI_RS03205	MPN_RS00775	26.667	150	100	4	179	325	335	477	1.51e-06	45.4
SACI_RS03205	MPN_RS00775	34.483	58	36	1	355	410	23	80	3.25e-05	41.2
SACI_RS03205	MPN_RS01870	26.404	178	117	4	368	532	35	211	4.78e-08	49.7
SACI_RS03205	MPN_RS02445	24.742	194	116	5	363	531	124	312	6.55e-08	49.7
SACI_RS03205	MPN_RS01425	25.837	209	139	7	94	290	28	232	2.34e-07	48.1
SACI_RS03205	MPN_RS01425	22.652	181	105	4	367	515	32	209	3.75e-07	47.4
SACI_RS03205	MPN_RS03520	39.241	79	41	3	456	528	832	909	5.70e-07	47.0
SACI_RS03205	MPN_RS03520	34.177	79	45	3	209	280	832	910	1.79e-05	42.4
SACI_RS03205	MPN_RS00305	34.831	89	56	1	184	270	320	408	4.69e-06	43.9
SACI_RS03205	MPN_RS00305	31.579	76	52	0	459	534	348	423	4.81e-06	43.9
SACI_RS03205	MPN_RS00305	35.593	59	37	1	366	424	31	88	3.26e-05	41.2
SACI_RS03205	MPN_RS02450	25.417	240	147	9	66	297	2	217	2.76e-05	40.8
SACI_RS03205	MPN_RS02450	32.895	76	48	2	460	534	133	206	8.05e-04	36.2
SACI_RS03205	MPN_RS01220	21.399	243	131	8	97	286	49	284	7.55e-05	40.0
SACI_RS03205	MPN_RS01220	22.973	148	105	5	453	596	202	344	1.42e-04	38.9
SACI_RS03205	MPN_RS01225	25.676	74	55	0	459	532	687	760	2.13e-04	38.9
SACI_RS03250	MPN_RS00930	27.273	88	62	2	6	92	13	99	3.57e-09	45.4
SACI_RS03255	MPN_RS03755	30.536	429	249	11	3	427	9	392	4.56e-56	185
SACI_RS03255	MPN_RS01540	25.749	334	185	13	1	320	1	285	5.38e-20	87.0
SACI_RS03255	MPN_RS01270	25.789	190	107	6	8	197	12	167	8.37e-09	52.0
SACI_RS03255	MPN_RS00885	24.825	286	148	12	1	280	117	341	2.69e-08	50.4
SACI_RS03260	MPN_RS01265	34.307	137	81	3	59	195	21	148	2.69e-15	65.1
SACI_RS03270	MPN_RS01260	37.037	81	42	4	47	127	40	111	2.36e-10	50.4
SACI_RS03285	MPN_RS02945	26.087	345	158	12	61	384	1005	1273	5.73e-15	71.6
SACI_RS03290	MPN_RS02945	29.822	674	371	21	204	835	294	907	1.61e-59	216
SACI_RS03295	MPN_RS02950	26.069	725	330	22	331	956	522	1139	4.91e-45	172
SACI_RS03295	MPN_RS02950	31.818	198	114	4	919	1113	1177	1356	7.89e-20	90.5
SACI_RS03305	MPN_RS00885	30.976	410	203	13	10	403	120	465	8.74e-34	131
SACI_RS03305	MPN_RS01540	28.148	135	76	4	16	139	11	135	6.86e-08	49.7
SACI_RS03305	MPN_RS01270	29.891	184	91	8	16	185	15	174	3.78e-06	44.3
SACI_RS03305	MPN_RS03755	30.147	136	74	5	14	139	15	139	5.78e-05	40.0
SACI_RS03325	MPN_RS00180	34.483	203	120	4	15	216	14	204	1.81e-32	112
SACI_RS03330	MPN_RS01325	33.742	489	275	16	4	470	8	469	1.10e-73	235
SACI_RS03380	MPN_RS02195	51.351	37	14	1	1	37	1	33	1.73e-04	38.1
SACI_RS03400	MPN_RS01510	27.434	113	78	2	26	138	12	120	3.69e-13	58.5
SACI_RS03405	MPN_RS02795	25.116	215	138	8	78	287	32	228	5.39e-11	57.4
SACI_RS03505	MPN_RS01075	31.905	210	120	7	5	192	13	221	1.13e-22	89.4
SACI_RS03505	MPN_RS01870	26.154	195	125	4	16	191	24	218	3.82e-18	77.4
SACI_RS03505	MPN_RS02365	24.537	216	133	3	6	191	10	225	1.91e-15	68.9
SACI_RS03505	MPN_RS03465	23.529	221	136	3	13	201	95	314	5.55e-14	65.5
SACI_RS03505	MPN_RS00440	25.773	194	117	4	5	172	239	431	1.25e-13	65.1
SACI_RS03505	MPN_RS01425	25.339	221	125	6	19	199	25	245	3.12e-13	63.9
SACI_RS03505	MPN_RS00775	24.444	135	97	2	86	215	336	470	9.31e-12	59.3
SACI_RS03505	MPN_RS00775	32.692	52	35	0	5	56	16	67	2.31e-05	40.0
SACI_RS03505	MPN_RS01080	22.381	210	131	6	13	192	33	240	1.48e-10	55.1
SACI_RS03505	MPN_RS03855	23.113	212	138	5	3	191	58	267	1.28e-09	52.4
SACI_RS03505	MPN_RS03845	26.786	168	87	4	14	152	130	290	2.10e-09	52.0
SACI_RS03505	MPN_RS02450	27.723	202	106	11	20	192	22	212	1.01e-08	49.7
SACI_RS03505	MPN_RS00110	23.043	230	131	7	5	199	400	618	1.65e-08	49.7
SACI_RS03505	MPN_RS00105	25.974	231	123	9	5	193	368	592	6.10e-08	47.8
SACI_RS03505	MPN_RS00305	27.215	158	106	3	77	225	305	462	6.28e-08	47.8
SACI_RS03505	MPN_RS00305	41.509	53	30	1	17	68	23	75	4.66e-05	38.9
SACI_RS03505	MPN_RS02445	25.786	159	89	4	15	145	117	274	1.34e-06	43.5
SACI_RS03505	MPN_RS01220	27.957	93	65	1	112	202	207	299	6.90e-06	41.2
SACI_RS03505	MPN_RS01225	23.134	134	89	4	113	232	687	820	3.35e-05	39.7
SACI_RS03525	MPN_RS01075	30.952	210	126	8	14	208	23	228	2.37e-20	82.8
SACI_RS03525	MPN_RS01080	29.126	206	126	4	15	203	36	238	1.56e-19	80.9
SACI_RS03525	MPN_RS02365	22.549	204	142	3	13	200	18	221	7.18e-15	67.0
SACI_RS03525	MPN_RS00110	27.670	206	126	7	14	203	411	609	7.18e-14	65.9
SACI_RS03525	MPN_RS00440	23.671	207	145	5	13	208	248	452	4.62e-12	60.1
SACI_RS03525	MPN_RS02445	24.215	223	136	3	4	203	107	319	1.54e-10	55.5
SACI_RS03525	MPN_RS03845	23.881	201	138	5	15	203	132	329	2.45e-10	54.7
SACI_RS03525	MPN_RS02450	27.700	213	141	7	1	203	1	210	1.43e-09	52.0
SACI_RS03525	MPN_RS03855	24.103	195	135	4	19	203	75	266	1.83e-09	52.0
SACI_RS03525	MPN_RS01870	23.116	199	138	5	15	203	24	217	2.66e-09	51.6
SACI_RS03525	MPN_RS00305	25.000	120	88	1	1	118	6	125	5.98e-08	47.8
SACI_RS03525	MPN_RS03465	22.222	225	146	9	2	203	85	303	1.45e-07	46.2
SACI_RS03525	MPN_RS01425	25.000	196	126	6	28	202	35	230	3.57e-07	45.4
SACI_RS03525	MPN_RS01425	19.626	214	146	7	17	207	346	556	1.91e-05	40.0
SACI_RS03525	MPN_RS03270	27.329	161	110	3	31	190	492	646	2.40e-06	43.1
SACI_RS03525	MPN_RS00105	29.268	82	56	1	4	83	371	452	4.20e-06	42.4
SACI_RS03525	MPN_RS01225	22.330	103	77	2	104	203	664	766	3.17e-04	36.6
SACI_RS03605	MPN_RS00085	24.876	201	127	4	71	256	73	264	6.69e-14	65.1
SACI_RS03645	MPN_RS01420	25.153	326	189	13	4	289	9	319	3.61e-17	75.5
SACI_RS03670	MPN_RS01035	27.119	59	33	3	1	53	112	166	2.78e-04	31.2
SACI_RS03680	MPN_RS01395	28.046	435	279	12	16	421	19	448	7.40e-48	165
SACI_RS03680	MPN_RS00240	33.597	253	157	6	5	254	14	258	2.84e-32	123
SACI_RS03680	MPN_RS00240	33.721	86	57	0	339	424	445	530	1.04e-15	73.6
SACI_RS03680	MPN_RS01530	23.261	460	276	18	12	421	52	484	5.32e-18	80.5
SACI_RS03700	MPN_RS03790	47.390	249	120	4	446	688	209	452	3.42e-60	211
SACI_RS03700	MPN_RS03790	39.007	282	166	3	145	421	179	459	1.87e-51	186
SACI_RS03700	MPN_RS03090	35.897	78	40	2	229	305	41	109	5.86e-07	46.6
SACI_RS03700	MPN_RS03090	32.394	71	40	1	502	572	41	103	6.18e-05	40.4
SACI_RS03700	MPN_RS03060	30.583	206	98	13	230	415	57	237	4.58e-05	41.2
SACI_RS03840	MPN_RS02810	24.638	207	152	4	18	222	5	209	3.50e-14	64.3
SACI_RS03860	MPN_RS00365	26.902	368	219	12	5	332	45	402	2.20e-17	79.0
SACI_RS03875	MPN_RS01800	24.161	149	99	6	30	172	5	145	6.04e-04	34.3
SACI_RS03895	MPN_RS03540	24.317	366	255	12	2	361	8	357	1.85e-13	68.2
SACI_RS03985	MPN_RS03755	31.560	282	131	9	3	260	6	249	4.44e-31	117
SACI_RS03985	MPN_RS01540	24.514	257	144	9	11	255	8	226	8.82e-10	55.1
SACI_RS03985	MPN_RS00885	30.000	120	53	5	12	131	124	212	4.84e-07	46.2
SACI_RS03995	MPN_RS01350	27.941	68	47	1	81	146	644	711	2.51e-06	41.6
SACI_RS04010	MPN_RS03565	19.663	178	113	5	198	366	309	465	8.34e-05	39.3
SACI_RS04015	MPN_RS03790	46.281	242	125	3	451	689	225	464	2.13e-58	206
SACI_RS04015	MPN_RS03790	42.128	235	132	2	168	399	217	450	2.51e-53	191
SACI_RS04015	MPN_RS03090	38.961	77	27	3	216	286	41	103	7.64e-07	46.2
SACI_RS04015	MPN_RS03090	32.394	71	40	1	491	561	41	103	4.35e-05	40.8
SACI_RS04015	MPN_RS03060	25.418	299	162	14	200	468	43	310	8.34e-06	43.5
SACI_RS04015	MPN_RS01860	27.273	132	66	3	409	519	281	403	8.31e-05	40.4
SACI_RS04075	MPN_RS01375	33.766	77	38	3	78	143	113	187	4.64e-05	38.1
SACI_RS04080	MPN_RS00325	28.660	321	190	12	1	299	5	308	1.28e-22	91.3
SACI_RS04090	MPN_RS02195	57.143	42	14	2	28	69	1	38	2.62e-07	45.8
SACI_RS04090	MPN_RS01535	28.571	63	40	1	23	80	5	67	4.80e-05	38.9
SACI_RS04125	MPN_RS01980	27.667	553	271	17	5	550	7	437	1.78e-52	181
SACI_RS04170	MPN_RS01180	25.618	566	306	20	214	672	65	622	3.15e-26	109
SACI_RS04185	MPN_RS03790	35.857	251	135	7	327	564	223	460	1.45e-32	127
SACI_RS04185	MPN_RS03790	31.408	277	164	7	29	281	179	453	4.13e-30	120
SACI_RS04185	MPN_RS03090	29.293	99	56	3	341	438	17	102	9.44e-07	45.4
SACI_RS04185	MPN_RS01860	45.455	44	22	1	357	398	361	404	7.24e-05	40.0
SACI_RS04200	MPN_RS01075	31.068	206	92	3	215	370	15	220	1.31e-19	82.8
SACI_RS04200	MPN_RS01075	26.974	152	98	4	12	150	34	185	5.64e-09	51.2
SACI_RS04200	MPN_RS01080	27.094	203	96	5	217	370	40	239	7.37e-15	69.3
SACI_RS04200	MPN_RS01080	23.377	231	132	9	3	194	30	254	7.62e-08	48.1
SACI_RS04200	MPN_RS03845	29.000	100	66	2	274	370	233	330	8.18e-09	51.2
SACI_RS04200	MPN_RS03845	30.000	90	60	1	106	195	250	336	3.54e-04	36.6
SACI_RS04200	MPN_RS00440	35.052	97	62	1	274	369	351	447	1.23e-08	50.8
SACI_RS04200	MPN_RS02365	26.263	198	89	9	227	370	31	225	1.76e-08	49.3
SACI_RS04200	MPN_RS02445	30.573	157	86	6	5	140	121	275	2.18e-08	50.1
SACI_RS04200	MPN_RS02445	39.535	86	46	4	288	370	238	320	3.03e-08	49.7
SACI_RS04200	MPN_RS02450	29.371	143	91	3	13	145	29	171	3.72e-08	48.5
SACI_RS04200	MPN_RS02450	23.404	188	101	5	224	370	26	211	2.29e-06	43.1
SACI_RS04200	MPN_RS01870	30.075	133	82	3	17	139	39	170	7.62e-08	48.1
SACI_RS04200	MPN_RS01870	23.936	188	99	6	227	372	35	220	7.85e-07	45.1
SACI_RS04200	MPN_RS00110	26.852	216	121	10	10	199	420	624	4.99e-07	46.2
SACI_RS04200	MPN_RS03855	29.630	81	52	2	293	370	189	267	1.08e-06	44.3
SACI_RS04200	MPN_RS03465	29.213	89	63	0	282	370	216	304	1.21e-06	44.3
SACI_RS04200	MPN_RS03465	24.294	177	93	4	8	152	104	271	9.63e-06	41.6
SACI_RS04200	MPN_RS00775	29.412	85	58	2	280	362	351	435	2.95e-06	43.5
SACI_RS04200	MPN_RS00775	46.875	32	17	0	108	139	364	395	4.13e-04	36.6
SACI_RS04200	MPN_RS00305	29.167	96	66	2	277	370	333	428	2.62e-05	40.4
SACI_RS04200	MPN_RS01425	31.034	58	40	0	293	350	154	211	1.40e-04	38.1
SACI_RS04200	MPN_RS03520	28.000	75	51	1	293	364	836	910	2.75e-04	37.4
SACI_RS04200	MPN_RS03520	24.706	85	57	3	284	364	487	568	3.63e-04	37.0
SACI_RS04265	MPN_RS00030	26.712	146	92	6	4	137	7	149	1.40e-10	53.1
SACI_RS04330	MPN_RS03790	29.126	103	55	2	22	115	242	335	7.72e-07	45.8
SACI_RS04330	MPN_RS03090	24.603	126	75	3	11	136	8	113	7.84e-07	45.1
SACI_RS04330	MPN_RS03515	19.556	225	149	4	8	209	8	223	2.08e-06	44.7
SACI_RS04330	MPN_RS01860	27.500	120	74	4	21	129	351	468	1.85e-05	41.6
SACI_RS04335	MPN_RS03515	25.146	342	202	11	9	322	7	322	2.82e-18	80.1
SACI_RS04335	MPN_RS03090	20.673	208	146	5	13	205	8	211	3.14e-05	39.7
SACI_RS04350	MPN_RS01320	29.070	430	234	12	20	389	53	471	3.40e-46	160
SACI_RS04355	MPN_RS03235	28.958	259	160	11	18	259	15	266	3.70e-12	61.2
SACI_RS04395	MPN_RS03755	24.485	437	265	16	106	526	7	394	5.90e-17	77.4
SACI_RS04395	MPN_RS00885	26.263	198	118	5	188	383	162	333	1.20e-06	45.4
SACI_RS04420	MPN_RS03795	25.263	95	67	3	11	102	12	105	8.92e-04	33.1
SACI_RS04430	MPN_RS01535	35.897	39	25	0	2	40	15	53	4.26e-04	37.0
SACI_RS04435	MPN_RS03790	32.782	363	214	11	4	348	171	521	1.60e-47	172
SACI_RS04435	MPN_RS03790	38.136	236	124	6	340	562	225	451	7.07e-39	147
SACI_RS04435	MPN_RS01860	28.514	249	140	11	339	565	341	573	1.04e-09	55.8
SACI_RS04435	MPN_RS01860	20.717	251	152	10	63	290	348	574	0.001	36.6
SACI_RS04435	MPN_RS03090	37.500	72	35	2	380	450	41	103	3.11e-07	47.0
SACI_RS04435	MPN_RS03060	29.060	117	65	4	85	187	48	160	2.68e-05	41.6
SACI_RS04445	MPN_RS01335	34.983	303	192	4	8	308	8	307	2.02e-48	160
SACI_RS04445	MPN_RS02195	24.765	319	187	11	16	293	3	309	1.85e-09	53.1
SACI_RS04520	MPN_RS01870	28.251	223	156	2	7	226	7	228	1.66e-26	100
SACI_RS04520	MPN_RS01075	27.234	235	153	6	4	230	7	231	5.51e-20	81.6
SACI_RS04520	MPN_RS01080	28.400	250	149	9	7	238	17	254	3.67e-18	77.0
SACI_RS04520	MPN_RS03845	28.019	207	138	5	17	216	128	330	3.85e-18	77.0
SACI_RS04520	MPN_RS03465	25.561	223	147	7	17	224	94	312	2.27e-17	75.1
SACI_RS04520	MPN_RS01220	23.166	259	146	5	19	224	38	296	3.56e-17	75.1
SACI_RS04520	MPN_RS01225	39.773	88	53	0	137	224	688	775	3.66e-17	75.5
SACI_RS04520	MPN_RS00440	29.167	216	139	5	21	226	250	461	2.67e-16	72.4
SACI_RS04520	MPN_RS00775	29.474	95	67	0	130	224	357	451	3.15e-14	66.6
SACI_RS04520	MPN_RS00775	33.333	78	48	1	6	79	12	89	1.28e-08	49.7
SACI_RS04520	MPN_RS02450	24.138	232	158	6	7	229	2	224	1.75e-13	63.2
SACI_RS04520	MPN_RS00110	26.906	223	134	9	21	227	412	621	3.39e-13	63.5
SACI_RS04520	MPN_RS02365	23.246	228	156	7	15	227	14	237	3.55e-13	62.0
SACI_RS04520	MPN_RS00305	29.897	97	65	1	138	234	350	443	8.07e-13	62.4
SACI_RS04520	MPN_RS00305	44.186	43	24	0	25	67	26	68	3.52e-06	42.4
SACI_RS04520	MPN_RS02445	25.610	246	147	10	12	237	109	338	2.07e-11	57.8
SACI_RS04520	MPN_RS03855	27.119	236	145	6	5	226	58	280	9.97e-11	55.5
SACI_RS04520	MPN_RS01425	24.537	216	135	6	24	218	347	555	4.63e-10	53.9
SACI_RS04520	MPN_RS01425	23.810	231	157	7	4	216	3	232	5.50e-08	47.8
SACI_RS04520	MPN_RS00105	26.064	188	114	7	17	183	378	561	3.15e-08	48.5
SACI_RS04520	MPN_RS03520	26.316	171	95	8	68	224	777	930	4.04e-05	38.9
SACI_RS04560	MPN_RS03040	40.645	155	89	2	12	166	5	156	8.77e-34	113
SACI_RS04575	MPN_RS00670	38.636	44	27	0	1	44	9	52	7.25e-05	37.4
SACI_RS04665	MPN_RS03090	22.689	119	70	3	23	134	12	115	7.72e-05	38.9
SACI_RS04710	MPN_RS03195	39.583	48	28	1	4	51	1	47	5.90e-05	40.0
SACI_RS04710	MPN_RS00270	55.172	29	13	0	7	35	5	33	3.50e-04	37.0
SACI_RS04745	MPN_RS00085	21.260	127	96	2	101	226	142	265	4.00e-09	50.8
SACI_RS04805	MPN_RS01870	27.419	248	171	4	1	244	6	248	2.71e-27	104
SACI_RS04805	MPN_RS01075	30.038	263	153	10	11	252	19	271	6.21e-25	96.7
SACI_RS04805	MPN_RS03855	32.020	203	126	4	17	213	72	268	6.49e-22	88.6
SACI_RS04805	MPN_RS00775	32.768	177	109	2	106	272	337	513	7.08e-21	88.2
SACI_RS04805	MPN_RS00775	31.250	96	65	1	2	97	13	107	2.96e-13	65.1
SACI_RS04805	MPN_RS02365	25.229	218	142	4	10	212	14	225	7.05e-20	82.0
SACI_RS04805	MPN_RS01080	29.577	213	139	5	17	220	37	247	9.37e-20	82.8
SACI_RS04805	MPN_RS00440	29.384	211	138	5	20	222	254	461	4.14e-19	82.4
SACI_RS04805	MPN_RS03845	31.156	199	129	4	20	213	136	331	1.96e-18	79.7
SACI_RS04805	MPN_RS00305	37.383	107	67	0	116	222	332	438	3.11e-18	80.1
SACI_RS04805	MPN_RS00305	35.417	96	60	2	1	95	6	100	1.43e-10	56.6
SACI_RS04805	MPN_RS03465	26.244	221	133	6	20	220	102	312	3.78e-15	69.7
SACI_RS04805	MPN_RS01425	27.273	231	150	5	6	219	10	239	1.80e-14	68.6
SACI_RS04805	MPN_RS01425	24.891	229	138	8	11	215	338	556	1.98e-07	47.0
SACI_RS04805	MPN_RS00110	28.378	222	129	8	20	225	416	623	7.40e-13	63.9
SACI_RS04805	MPN_RS01225	32.632	95	64	0	126	220	681	775	1.74e-11	59.7
SACI_RS04805	MPN_RS01225	48.837	43	22	0	14	56	28	70	2.70e-06	43.5
SACI_RS04805	MPN_RS02450	25.000	224	153	6	1	217	1	216	1.30e-10	55.8
SACI_RS04805	MPN_RS02445	28.502	207	132	6	17	212	119	320	2.39e-10	55.8
SACI_RS04805	MPN_RS01220	30.120	83	58	0	133	215	209	291	9.66e-10	53.9
SACI_RS04805	MPN_RS00105	24.885	217	143	4	20	220	386	598	1.42e-08	50.4
SACI_RS04845	MPN_RS02685	30.205	341	227	7	1	335	5	340	2.33e-46	156
SACI_RS04845	MPN_RS01040	25.316	237	147	9	126	349	4	223	6.51e-10	53.5
SACI_RS04905	MPN_RS01870	30.698	215	141	4	3	212	7	218	2.62e-28	106
SACI_RS04905	MPN_RS01075	25.652	230	140	5	12	225	19	233	3.93e-20	83.2
SACI_RS04905	MPN_RS01080	25.581	215	146	5	10	213	29	240	1.83e-13	64.3
SACI_RS04905	MPN_RS02450	22.222	216	160	5	3	214	2	213	3.40e-12	60.5
SACI_RS04905	MPN_RS01225	32.174	115	70	3	111	220	664	775	6.51e-12	60.8
SACI_RS04905	MPN_RS01225	31.818	66	44	1	17	82	30	94	2.20e-06	43.5
SACI_RS04905	MPN_RS01425	24.576	236	156	5	7	220	10	245	1.04e-11	60.1
SACI_RS04905	MPN_RS01425	24.286	210	139	6	21	213	348	554	1.97e-06	43.5
SACI_RS04905	MPN_RS02365	21.739	207	152	4	8	204	11	217	9.15e-10	52.8
SACI_RS04905	MPN_RS03845	27.404	208	136	6	14	212	129	330	3.17e-09	52.0
SACI_RS04905	MPN_RS00440	23.558	208	134	5	18	211	251	447	7.15e-09	51.2
SACI_RS04905	MPN_RS00775	30.682	88	53	2	7	87	17	103	2.49e-08	49.7
SACI_RS04905	MPN_RS00775	23.664	131	99	1	133	262	363	493	1.91e-05	40.4
SACI_RS04905	MPN_RS00305	26.364	110	80	1	105	213	320	429	1.31e-07	47.4
SACI_RS04905	MPN_RS00305	30.000	50	35	0	17	66	22	71	2.21e-06	43.5
SACI_RS04905	MPN_RS00105	26.380	163	105	3	18	165	383	545	2.77e-07	46.2
SACI_RS04905	MPN_RS03465	20.673	208	150	5	20	214	101	306	1.03e-06	43.9
SACI_RS04905	MPN_RS01220	26.496	117	72	4	113	220	185	296	3.99e-06	42.4
SACI_RS04905	MPN_RS02445	25.581	215	147	7	18	222	119	330	4.81e-06	42.0
SACI_RS04905	MPN_RS00110	24.186	215	128	7	18	213	413	611	4.83e-06	42.4
SACI_RS04905	MPN_RS03855	22.660	203	140	6	21	214	75	269	2.96e-05	39.3
SACI_RS04930	MPN_RS01510	34.906	106	69	0	2	107	12	117	6.95e-22	80.9
SACI_RS04940	MPN_RS01220	28.889	405	204	13	18	373	31	400	6.13e-44	153
SACI_RS04940	MPN_RS01225	47.761	134	69	1	151	284	666	798	3.15e-37	139
SACI_RS04940	MPN_RS01225	31.081	148	70	4	17	160	20	139	1.15e-15	73.9
SACI_RS04940	MPN_RS00440	30.085	236	130	8	12	245	240	442	8.89e-26	103
SACI_RS04940	MPN_RS03465	29.845	258	138	8	30	275	101	327	1.97e-24	97.8
SACI_RS04940	MPN_RS01080	30.303	231	139	7	25	255	34	242	2.50e-24	97.1
SACI_RS04940	MPN_RS01075	24.315	292	165	8	17	284	1	260	1.34e-22	91.7
SACI_RS04940	MPN_RS03845	28.968	252	148	7	1	252	110	330	5.26e-22	91.3
SACI_RS04940	MPN_RS00305	36.641	131	82	1	143	273	320	449	7.32e-22	92.4
SACI_RS04940	MPN_RS00305	52.174	46	22	0	27	72	22	67	2.52e-08	50.4
SACI_RS04940	MPN_RS00775	31.515	165	96	4	149	302	341	499	1.88e-19	85.1
SACI_RS04940	MPN_RS00775	29.661	118	55	4	27	144	27	116	1.37e-07	48.1
SACI_RS04940	MPN_RS02445	25.714	245	159	6	9	253	100	321	1.97e-16	75.1
SACI_RS04940	MPN_RS02365	25.114	219	144	5	28	246	21	219	9.75e-16	71.2
SACI_RS04940	MPN_RS01425	25.523	239	145	6	25	254	20	234	3.07e-14	68.9
SACI_RS04940	MPN_RS01425	19.068	236	159	6	31	258	348	559	5.20e-04	36.6
SACI_RS04940	MPN_RS03855	25.926	243	137	6	22	252	56	267	3.82e-14	67.4
SACI_RS04940	MPN_RS00110	26.271	236	131	9	35	262	420	620	3.09e-12	62.8
SACI_RS04940	MPN_RS01870	29.032	93	66	0	170	262	136	228	9.01e-12	60.5
SACI_RS04940	MPN_RS00105	28.866	194	104	6	28	211	383	552	7.51e-11	58.5
SACI_RS04940	MPN_RS02450	22.407	241	145	8	27	262	18	221	3.49e-08	48.9
SACI_RS04940	MPN_RS03520	26.957	115	73	4	173	278	836	948	4.48e-07	46.6
SACI_RS04940	MPN_RS03520	29.915	117	74	4	155	264	477	592	1.75e-05	41.6
SACI_RS04945	MPN_RS01220	33.708	445	200	9	4	446	21	372	1.01e-70	225
SACI_RS04945	MPN_RS01225	49.123	114	58	0	278	391	681	794	7.87e-36	135
SACI_RS04945	MPN_RS01225	28.729	181	100	5	4	178	11	168	2.28e-09	54.3
SACI_RS04945	MPN_RS00775	28.571	196	129	3	197	385	273	464	2.50e-19	85.1
SACI_RS04945	MPN_RS00775	30.435	69	44	1	11	79	15	79	1.55e-04	38.5
SACI_RS04945	MPN_RS00305	32.824	131	82	2	246	376	316	440	7.77e-19	83.6
SACI_RS04945	MPN_RS03845	38.889	90	54	1	275	364	242	330	5.45e-18	79.7
SACI_RS04945	MPN_RS03465	40.206	97	56	1	285	381	227	321	1.42e-16	75.1
SACI_RS04945	MPN_RS00440	37.805	82	50	1	282	363	367	447	1.64e-13	66.6
SACI_RS04945	MPN_RS00440	28.333	60	43	0	3	62	230	289	7.09e-04	36.2
SACI_RS04945	MPN_RS01075	33.858	127	70	4	282	396	140	264	1.77e-13	65.1
SACI_RS04945	MPN_RS01075	44.444	36	20	0	27	62	28	63	2.63e-04	37.4
SACI_RS04945	MPN_RS01080	34.043	94	61	1	282	375	158	250	1.99e-13	65.5
SACI_RS04945	MPN_RS02365	31.579	95	65	0	264	358	125	219	1.07e-12	62.4
SACI_RS04945	MPN_RS02445	34.043	94	60	1	282	375	240	331	3.04e-12	62.4
SACI_RS04945	MPN_RS03855	30.864	81	55	1	284	364	188	267	2.39e-11	58.9
SACI_RS04945	MPN_RS01870	27.451	102	72	2	275	375	129	229	4.88e-10	55.5
SACI_RS04945	MPN_RS01425	25.547	137	96	3	243	377	113	245	1.22e-07	48.5
SACI_RS04945	MPN_RS01425	31.111	90	60	2	285	374	475	562	1.50e-06	45.1
SACI_RS04945	MPN_RS00110	34.831	89	55	2	285	373	534	619	2.83e-07	47.4
SACI_RS04945	MPN_RS00110	27.835	97	42	4	24	120	413	481	2.80e-04	37.7
SACI_RS04945	MPN_RS02450	28.049	82	58	1	284	365	132	212	2.44e-06	43.5
SACI_RS04945	MPN_RS00105	37.931	58	29	1	275	325	497	554	3.41e-06	43.9
SACI_RS04950	MPN_RS01215	27.155	232	150	11	68	287	148	372	2.80e-10	55.1
SACI_RS04955	MPN_RS01210	25.610	328	205	6	24	350	7	296	8.67e-27	104
SACI_RS04975	MPN_RS01375	27.907	172	106	10	406	567	98	261	4.38e-07	47.0
SACI_RS05050	MPN_RS00265	23.930	514	355	15	3	494	4	503	1.98e-21	92.0
SACI_RS05080	MPN_RS02700	22.963	270	162	11	18	269	19	260	1.55e-05	40.0
SACI_RS05090	MPN_RS00440	29.146	199	118	10	1	177	231	428	5.04e-10	53.9
SACI_RS05090	MPN_RS03845	31.156	199	100	10	9	178	121	311	1.56e-07	46.2
SACI_RS05090	MPN_RS03465	23.188	207	128	6	1	179	82	285	3.56e-06	42.0
SACI_RS05090	MPN_RS01870	26.776	183	112	7	31	197	40	216	4.24e-06	41.6
SACI_RS05090	MPN_RS00305	37.736	53	32	1	31	82	38	90	7.25e-06	41.2
SACI_RS05090	MPN_RS01075	24.848	165	108	6	31	180	40	203	4.06e-05	38.5
SACI_RS05090	MPN_RS01080	24.118	170	109	5	31	180	52	221	4.11e-05	38.5
SACI_RS05090	MPN_RS02445	24.876	201	126	8	6	182	105	304	1.03e-04	37.7
SACI_RS05090	MPN_RS03270	27.879	165	94	6	33	184	494	646	3.89e-04	35.8
SACI_RS05090	MPN_RS00775	25.000	88	61	2	96	178	336	423	4.49e-04	35.8
SACI_RS05175	MPN_RS03175	32.258	62	41	1	3	64	27	87	9.00e-04	33.5
SACI_RS05195	MPN_RS03540	33.427	356	214	8	12	345	17	371	8.32e-52	173
SACI_RS05195	MPN_RS02500	26.316	323	195	14	26	330	23	320	1.88e-21	89.4
SACI_RS05195	MPN_RS01190	25.180	139	98	2	207	340	434	571	5.12e-07	45.8
SACI_RS05315	MPN_RS03235	21.884	329	228	11	22	327	20	342	1.05e-11	59.7
SACI_RS05325	MPN_RS00265	46.906	501	253	6	3	491	6	505	8.82e-169	481
SACI_RS05330	MPN_RS00270	25.344	363	225	13	7	346	6	345	1.41e-12	63.5
SACI_RS05540	MPN_RS00785	26.400	125	84	2	159	275	182	306	1.68e-08	49.3
SACI_RS05540	MPN_RS00315	25.551	227	151	6	24	239	17	236	2.32e-04	36.6
SACI_RS05545	MPN_RS00780	25.000	204	133	8	19	212	38	231	6.38e-07	44.7
SACI_RS05545	MPN_RS00785	32.468	77	46	2	168	238	175	251	1.28e-05	40.4
SACI_RS05555	MPN_RS00775	34.263	251	146	3	117	357	340	581	9.69e-42	148
SACI_RS05555	MPN_RS00775	50.602	83	41	0	25	107	27	109	3.05e-22	92.8
SACI_RS05555	MPN_RS03845	35.160	219	131	4	7	217	112	327	5.59e-35	126
SACI_RS05555	MPN_RS00440	34.978	223	132	4	7	221	232	449	5.09e-33	123
SACI_RS05555	MPN_RS00305	37.436	195	108	2	110	298	318	504	3.67e-32	121
SACI_RS05555	MPN_RS00305	42.169	83	48	0	26	108	23	105	8.13e-19	82.4
SACI_RS05555	MPN_RS01075	32.212	208	136	4	25	229	24	229	3.04e-30	111
SACI_RS05555	MPN_RS03855	32.735	223	131	5	25	237	71	284	5.15e-25	97.8
SACI_RS05555	MPN_RS03465	28.000	225	141	6	24	232	97	316	3.68e-23	93.6
SACI_RS05555	MPN_RS01870	30.928	194	131	2	25	217	24	215	5.18e-21	87.4
SACI_RS05555	MPN_RS02365	27.778	216	143	3	25	227	20	235	6.16e-21	85.5
SACI_RS05555	MPN_RS01080	30.942	223	130	9	23	229	34	248	1.05e-18	80.5
SACI_RS05555	MPN_RS01425	30.085	236	139	7	1	217	1	229	1.36e-18	81.6
SACI_RS05555	MPN_RS01425	26.168	214	140	7	27	224	346	557	1.01e-10	57.4
SACI_RS05555	MPN_RS01225	31.092	119	81	1	136	254	683	800	2.76e-15	72.0
SACI_RS05555	MPN_RS01225	27.941	136	88	4	16	141	21	156	2.93e-07	47.0
SACI_RS05555	MPN_RS02445	30.374	214	132	7	16	217	109	317	9.30e-15	69.3
SACI_RS05555	MPN_RS00105	25.778	225	144	6	24	230	381	600	2.54e-14	68.6
SACI_RS05555	MPN_RS02450	24.336	226	151	6	15	231	8	222	1.76e-12	61.6
SACI_RS05555	MPN_RS00110	22.705	207	130	8	25	219	412	600	1.02e-11	60.8
SACI_RS05555	MPN_RS01220	26.812	138	98	1	111	245	176	313	1.09e-10	57.0
SACI_RS05555	MPN_RS01220	37.288	59	37	0	1	59	16	74	4.48e-07	45.8
SACI_RS05570	MPN_RS01335	28.808	302	209	5	6	302	15	315	2.18e-28	107
SACI_RS05570	MPN_RS02195	23.810	315	180	11	7	275	3	303	3.71e-11	58.2
SACI_RS05575	MPN_RS03455	35.443	158	101	1	13	170	1	157	1.27e-36	120
SACI_RS05595	MPN_RS02795	26.772	127	74	4	8	132	40	149	8.32e-04	34.7
SACI_RS05630	MPN_RS01375	27.160	162	68	9	396	532	114	250	2.04e-05	41.6
SACI_RS05690	MPN_RS01375	23.929	280	163	10	366	613	15	276	3.48e-08	50.4
SACI_RS05715	MPN_RS03765	26.071	280	168	10	8	259	6	274	1.31e-14	68.6
SACI_RS05735	MPN_RS03280	33.333	114	71	2	19	127	12	125	3.61e-12	63.2
SACI_RS05735	MPN_RS03280	26.144	153	99	4	369	512	377	524	2.89e-04	38.1
SACI_RS05825	MPN_RS01870	30.493	223	119	11	3	193	9	227	3.24e-19	79.3
SACI_RS05825	MPN_RS01075	25.654	191	114	6	29	192	39	228	2.11e-14	65.5
SACI_RS05825	MPN_RS00110	23.474	213	130	6	11	192	408	618	1.19e-12	61.2
SACI_RS05825	MPN_RS00440	30.303	198	109	8	15	183	250	447	6.31e-12	58.9
SACI_RS05825	MPN_RS01080	28.037	214	116	10	15	192	36	247	3.97e-10	53.1
SACI_RS05825	MPN_RS02445	27.317	205	112	12	15	184	118	320	4.54e-10	53.1
SACI_RS05825	MPN_RS00775	40.351	57	33	1	4	59	16	72	1.44e-08	48.9
SACI_RS05825	MPN_RS00775	28.283	99	67	2	94	188	349	447	2.85e-07	45.1
SACI_RS05825	MPN_RS03465	24.336	226	116	10	13	192	96	312	1.83e-08	48.5
SACI_RS05825	MPN_RS02365	23.318	223	135	9	15	201	20	242	1.87e-08	48.1
SACI_RS05825	MPN_RS03845	29.327	208	100	10	15	184	132	330	2.04e-08	48.1
SACI_RS05825	MPN_RS03855	20.642	218	130	7	2	184	58	267	2.24e-07	45.1
SACI_RS05825	MPN_RS01425	23.500	200	109	7	27	184	35	232	3.88e-06	41.6
SACI_RS05825	MPN_RS00305	41.860	43	24	1	18	59	25	67	8.70e-06	40.4
SACI_RS05825	MPN_RS02450	23.786	206	109	9	15	184	18	211	6.29e-05	37.7
SACI_RS05825	MPN_RS01225	27.273	110	72	4	107	212	686	791	1.92e-04	36.6
SACI_RS05825	MPN_RS01220	29.487	78	52	2	113	187	214	291	3.01e-04	35.8
SACI_RS05825	MPN_RS00105	38.636	44	26	1	16	58	383	426	8.76e-04	34.7
SACI_RS05915	MPN_RS01535	44.118	34	19	0	7	40	18	51	2.62e-04	37.4
SACI_RS05945	MPN_RS03815	33.600	250	141	10	3	241	5	240	5.84e-31	117
SACI_RS05950	MPN_RS00345	34.211	228	141	5	1	223	1	224	5.43e-35	120
SACI_RS05990	MPN_RS02955	31.579	133	77	6	15	139	14	140	6.58e-13	58.9
SACI_RS06015	MPN_RS03765	27.103	214	119	8	2	178	6	219	6.38e-09	49.7
SACI_RS06025	MPN_RS03175	36.607	448	271	7	97	536	119	561	7.71e-88	277
SACI_RS06025	MPN_RS01980	23.656	372	210	20	203	518	75	428	2.34e-06	44.7
SACI_RS06125	MPN_RS00400	28.986	276	164	7	20	273	77	342	4.83e-31	114
SACI_RS06185	MPN_RS00045	26.923	260	153	11	2	226	3	260	1.67e-12	60.1
SACI_RS06195	MPN_RS01870	24.257	202	148	2	19	215	25	226	2.20e-18	77.4
SACI_RS06195	MPN_RS00440	29.493	217	138	5	4	206	232	447	9.39e-18	76.3
SACI_RS06195	MPN_RS03465	28.910	211	127	8	33	223	113	320	1.51e-15	69.3
SACI_RS06195	MPN_RS01075	30.348	201	129	8	19	210	25	223	2.58e-15	68.2
SACI_RS06195	MPN_RS02365	23.529	221	151	6	4	207	6	225	3.95e-15	67.4
SACI_RS06195	MPN_RS03845	27.143	210	130	6	14	207	128	330	8.69e-15	67.4
SACI_RS06195	MPN_RS01080	27.477	222	123	11	16	211	34	243	6.42e-13	61.6
SACI_RS06195	MPN_RS02450	26.733	202	128	6	18	207	18	211	2.00e-12	60.1
SACI_RS06195	MPN_RS00105	22.374	219	145	5	19	215	383	598	3.98e-12	60.1
SACI_RS06195	MPN_RS01425	24.017	229	149	5	3	207	5	232	1.94e-11	57.8
SACI_RS06195	MPN_RS01425	24.286	210	135	9	22	209	348	555	4.58e-05	38.5
SACI_RS06195	MPN_RS00110	26.638	229	135	10	12	215	398	618	2.50e-11	57.8
SACI_RS06195	MPN_RS00305	29.661	118	80	1	97	211	315	432	1.43e-10	55.5
SACI_RS06195	MPN_RS00305	27.059	85	61	1	14	97	18	102	4.66e-07	44.7
SACI_RS06195	MPN_RS00775	32.292	96	64	1	3	97	12	107	2.46e-10	54.7
SACI_RS06195	MPN_RS00775	27.820	133	79	5	87	215	332	451	2.00e-09	52.0
SACI_RS06195	MPN_RS01220	29.897	97	63	2	124	215	200	296	2.96e-09	51.2
SACI_RS06195	MPN_RS03855	22.613	199	141	4	19	207	72	267	3.65e-08	47.8
SACI_RS06195	MPN_RS03270	27.027	148	81	4	36	173	494	624	4.49e-04	35.4
SACI_RS06195	MPN_RS02445	24.312	218	148	7	5	207	105	320	0.001	34.3
SACI_RS06245	MPN_RS03585	25.974	154	86	6	67	203	71	213	4.11e-06	41.2
SACI_RS06265	MPN_RS00340	33.493	418	265	8	5	419	11	418	2.33e-75	238
SACI_RS06265	MPN_RS02410	30.568	229	143	6	72	293	116	335	5.43e-23	94.4
SACI_RS06300	MPN_RS03540	22.161	361	241	11	6	347	10	349	1.02e-08	53.1
SACI_RS06310	MPN_RS01440	25.851	646	350	22	573	1139	5	600	4.40e-39	150
SACI_RS06355	MPN_RS01320	33.656	413	266	5	61	466	60	471	5.22e-70	226
SACI_RS06455	MPN_RS01325	31.000	200	120	8	92	275	53	250	1.91e-09	54.7
SACI_RS06470	MPN_RS01820	25.232	646	361	24	170	782	145	701	6.92e-35	137
SACI_RS06480	MPN_RS02430	29.902	408	253	10	11	398	6	400	2.04e-40	143
SACI_RS06495	MPN_RS03295	32.234	394	251	7	22	409	15	398	5.30e-62	201
SACI_RS06560	MPN_RS01440	26.359	607	341	24	93	616	81	664	1.98e-28	115
SACI_RS06565	MPN_RS03790	31.973	294	162	10	100	374	222	496	1.21e-33	127
SACI_RS06565	MPN_RS03060	30.137	146	74	8	141	269	57	191	6.85e-06	42.4
SACI_RS06565	MPN_RS03090	26.316	114	66	4	100	213	6	101	4.32e-05	39.3
SACI_RS06585	MPN_RS03450	37.472	443	245	9	3	415	8	448	4.89e-89	272
SACI_RS06640	MPN_RS00110	30.544	239	140	9	16	246	410	630	2.59e-18	78.6
SACI_RS06640	MPN_RS01080	25.778	225	136	6	17	227	35	242	2.19e-15	68.9
SACI_RS06640	MPN_RS01075	26.168	214	140	6	18	227	24	223	2.71e-13	62.8
SACI_RS06640	MPN_RS02365	23.188	207	145	6	3	202	5	204	6.99e-11	55.5
SACI_RS06640	MPN_RS03845	26.316	228	138	9	10	224	120	330	7.22e-11	56.2
SACI_RS06640	MPN_RS01220	22.101	276	167	9	2	230	20	294	1.16e-10	55.5
SACI_RS06640	MPN_RS00440	26.364	220	136	10	13	223	245	447	1.71e-10	55.1
SACI_RS06640	MPN_RS03855	24.153	236	143	7	18	240	71	283	3.86e-10	53.5
SACI_RS06640	MPN_RS01870	24.380	242	134	10	17	240	23	233	8.79e-10	52.8
SACI_RS06640	MPN_RS02445	27.320	194	122	7	17	202	117	299	3.04e-08	48.1
SACI_RS06640	MPN_RS00105	23.256	172	118	5	14	175	378	545	1.57e-07	46.2
SACI_RS06640	MPN_RS03465	23.176	233	164	9	3	227	82	307	2.13e-07	45.4
SACI_RS06640	MPN_RS01225	31.034	87	59	1	144	230	688	773	4.21e-07	45.1
SACI_RS06640	MPN_RS00305	35.593	59	38	0	144	202	349	407	9.34e-07	43.9
SACI_RS06640	MPN_RS00305	31.429	70	42	2	19	86	23	88	4.66e-04	35.8
SACI_RS06640	MPN_RS00775	25.581	86	62	1	117	202	339	422	1.76e-04	37.0
SACI_RS06640	MPN_RS01425	19.626	214	153	7	2	202	4	211	2.72e-04	36.2
SACI_RS06640	MPN_RS02450	25.359	209	141	6	19	226	19	213	3.03e-04	35.8
SACI_RS06665	MPN_RS03235	26.721	247	159	9	21	248	19	262	2.30e-05	40.0
SACI_RS06675	MPN_RS03190	20.576	486	279	17	103	575	103	494	4.35e-17	79.0
SACI_RS06700	MPN_RS03280	34.074	135	83	3	17	146	8	141	4.21e-14	69.3
SACI_RS06700	MPN_RS03280	26.174	149	96	5	384	523	381	524	3.69e-04	37.7
SACI_RS06735	MPN_RS01725	33.557	298	164	4	39	302	6	303	3.39e-50	164
SACI_RS06780	MPN_RS03560	28.643	398	229	15	398	776	175	536	2.84e-32	127
SACI_RS06810	MPN_RS00355	27.419	124	81	5	34	152	33	152	6.33e-06	42.4
SACI_RS06840	MPN_RS02740	27.907	774	493	21	34	789	10	736	3.92e-83	279
SACI_RS06840	MPN_RS02980	25.258	776	457	23	41	729	24	763	4.35e-52	190
SACI_RS06840	MPN_RS02160	29.348	184	114	4	35	218	2	169	1.83e-19	88.2
SACI_RS06840	MPN_RS02160	24.719	356	204	13	430	751	405	730	4.04e-15	73.9
SACI_RS06840	MPN_RS00130	20.652	276	200	8	491	749	223	496	5.74e-08	50.4
SACI_RS06840	MPN_RS00130	23.741	139	92	3	72	210	6	130	3.27e-07	48.1
SACI_RS06945	MPN_RS02380	22.410	946	578	29	62	900	4	900	3.56e-38	148
SACI_RS06960	MPN_RS01235	25.743	202	123	9	29	219	38	223	1.04e-08	48.5
SACI_RS06965	MPN_RS01230	34.074	135	83	3	3	137	7	135	3.04e-14	61.2
SACI_RS06980	MPN_RS00340	29.110	292	196	4	79	368	12	294	1.53e-38	138
SACI_RS06980	MPN_RS02410	32.509	283	175	4	87	363	60	332	8.37e-38	134
SACI_RS07060	MPN_RS02685	38.565	223	133	2	139	358	125	346	1.80e-47	159
SACI_RS07060	MPN_RS01040	26.027	146	93	5	197	332	63	203	3.32e-07	45.4
SACI_RS07080	MPN_RS01075	25.521	192	126	5	24	202	34	221	7.79e-13	60.5
SACI_RS07080	MPN_RS00440	26.946	167	111	5	27	182	263	429	8.41e-13	61.2
SACI_RS07080	MPN_RS00305	39.726	73	43	1	25	96	33	105	8.22e-10	52.4
SACI_RS07080	MPN_RS00775	29.032	93	65	1	26	117	39	131	2.61e-09	50.8
SACI_RS07080	MPN_RS00775	26.852	108	72	5	100	203	341	445	1.02e-06	43.1
SACI_RS07080	MPN_RS02450	25.126	199	133	6	17	204	22	215	8.31e-09	48.9
SACI_RS07080	MPN_RS01870	31.884	138	76	6	32	158	42	172	1.82e-07	45.1
SACI_RS07080	MPN_RS03465	25.837	209	120	10	25	203	109	312	3.24e-06	41.2
SACI_RS07080	MPN_RS01225	32.308	65	36	2	124	183	687	748	3.31e-06	41.6
SACI_RS07080	MPN_RS00110	23.077	143	95	4	27	156	425	565	1.46e-05	39.7
SACI_RS07080	MPN_RS02365	20.833	192	132	6	28	200	34	224	1.89e-05	38.9
SACI_RS07080	MPN_RS01425	24.607	191	119	6	32	198	40	229	5.53e-05	37.7
SACI_RS07080	MPN_RS03845	25.434	173	110	7	25	182	143	311	1.53e-04	36.2
SACI_RS07080	MPN_RS03270	60.000	30	12	0	30	59	492	521	5.68e-04	35.0
SACI_RS07080	MPN_RS03855	23.741	139	99	2	25	156	82	220	8.58e-04	33.9
SACI_RS07085	MPN_RS01450	32.099	81	54	1	44	124	10	89	5.53e-15	61.6
SACI_RS07130	MPN_RS03855	27.103	107	68	2	195	293	58	162	4.54e-06	42.7
SACI_RS07130	MPN_RS00440	29.333	75	53	0	194	268	236	310	4.39e-05	40.0
SACI_RS07130	MPN_RS03845	75.000	20	5	0	218	237	142	161	8.49e-04	35.8
SACI_RS07155	MPN_RS00405	26.230	122	83	4	48	166	3	120	7.23e-04	36.2
SACI_RS07200	MPN_RS02700	21.260	254	172	8	4	240	17	259	9.60e-06	40.4
SACI_RS07205	MPN_RS00605	26.692	266	149	13	194	421	316	573	1.30e-07	48.9
SACI_RS07210	MPN_RS00600	28.841	371	208	8	114	461	2	339	7.88e-31	117
SACI_RS07220	MPN_RS01040	27.753	227	136	13	5	212	9	226	5.92e-12	59.3
SACI_RS07240	MPN_RS03815	32.453	265	149	9	1	241	1	259	9.22e-30	114
SACI_RS07245	MPN_RS02145	24.444	90	55	2	2	78	5	94	1.10e-04	37.0
SACI_RS07245	MPN_RS02155	25.641	78	58	0	127	204	184	261	2.12e-04	36.2
SACI_RS07250	MPN_RS03820	29.964	277	143	9	102	348	6	261	1.69e-24	101
SACI_RS07320	MPN_RS01870	28.571	224	149	4	5	219	7	228	1.75e-23	91.7
SACI_RS07320	MPN_RS00440	30.303	198	128	4	20	208	251	447	3.16e-21	86.7
SACI_RS07320	MPN_RS01075	29.004	231	146	9	9	227	14	238	1.14e-20	83.2
SACI_RS07320	MPN_RS03845	32.178	202	121	5	20	209	133	330	3.52e-19	79.7
SACI_RS07320	MPN_RS03465	27.350	234	149	8	3	217	81	312	3.40e-17	74.3
SACI_RS07320	MPN_RS00110	27.876	226	139	8	20	229	413	630	1.20e-15	70.5
SACI_RS07320	MPN_RS03855	30.151	199	127	5	20	209	72	267	2.11e-15	68.6
SACI_RS07320	MPN_RS02365	25.221	226	144	5	14	219	15	235	2.15e-15	68.2
SACI_RS07320	MPN_RS00305	41.237	97	55	2	5	100	7	102	1.48e-14	67.4
SACI_RS07320	MPN_RS00305	33.684	95	59	1	127	217	342	436	9.28e-10	52.8
SACI_RS07320	MPN_RS00775	32.990	97	64	1	4	100	12	107	4.77e-14	65.9
SACI_RS07320	MPN_RS00775	30.370	135	86	2	91	217	317	451	2.46e-11	57.8
SACI_RS07320	MPN_RS01225	28.369	141	77	3	81	217	655	775	2.67e-13	63.5
SACI_RS07320	MPN_RS01225	35.165	91	52	2	10	93	20	110	1.46e-05	40.4
SACI_RS07320	MPN_RS01080	21.860	215	151	6	18	217	35	247	5.18e-13	62.0
SACI_RS07320	MPN_RS02450	26.961	204	130	7	19	211	18	213	9.12e-12	58.2
SACI_RS07320	MPN_RS00105	23.148	216	130	5	20	208	383	589	6.29e-11	56.6
SACI_RS07320	MPN_RS01220	20.992	262	147	8	15	217	36	296	1.10e-10	55.5
SACI_RS07320	MPN_RS01425	25.346	217	140	8	14	209	338	553	1.59e-08	49.3
SACI_RS07320	MPN_RS01425	26.042	192	110	6	34	197	37	224	3.48e-08	48.1
SACI_RS07320	MPN_RS02445	23.000	200	132	6	35	217	134	328	3.99e-05	38.5
SACI_RS07355	MPN_RS00130	23.643	571	348	21	2	545	3	512	8.27e-32	124
SACI_RS07375	MPN_RS03410	29.217	332	203	8	185	508	106	413	1.09e-31	123
SACI_RS07375	MPN_RS03420	28.384	229	146	7	208	431	143	358	2.16e-17	79.7
SACI_RS07380	MPN_RS03410	28.940	349	234	7	71	417	74	410	4.25e-35	131
SACI_RS07380	MPN_RS03420	29.429	350	226	12	10	353	32	366	4.65e-27	108
SACI_RS07400	MPN_RS02280	27.074	458	291	11	9	445	5	440	1.27e-41	150
SACI_RS07400	MPN_RS03175	19.897	387	236	15	21	359	173	533	1.90e-05	41.6
SACI_RS07450	MPN_RS03710	26.230	244	158	10	13	247	32	262	4.73e-11	56.2
SACI_RS07450	MPN_RS02745	36.364	55	31	2	101	155	23	73	7.05e-04	34.3
SACI_RS07495	MPN_RS02740	21.079	797	485	22	8	785	23	694	1.48e-30	124
SACI_RS07495	MPN_RS02160	25.000	384	204	12	1	329	7	361	1.08e-22	98.6
SACI_RS07495	MPN_RS02160	25.000	248	143	9	559	790	505	725	5.01e-05	41.6
SACI_RS07495	MPN_RS02980	22.619	336	238	7	3	328	25	348	4.55e-13	67.8
SACI_RS07495	MPN_RS02980	26.794	209	122	9	590	771	558	762	5.74e-06	44.7
SACI_RS07555	MPN_RS00025	34.107	431	258	7	9	438	7	412	3.29e-69	221
SACI_RS07615	MPN_RS01725	27.016	248	157	8	36	265	8	249	9.96e-13	62.0
SACI_RS07620	MPN_RS00400	30.000	70	47	1	67	134	234	303	3.59e-05	38.1
SACI_RS07660	MPN_RS03230	29.114	158	103	5	156	305	158	314	3.76e-09	52.0
SACI_RS07660	MPN_RS00145	52.778	36	17	0	162	197	6	41	4.91e-06	42.4
SACI_RS07660	MPN_RS02715	27.168	173	101	8	159	318	3	163	6.07e-05	38.9
SACI_RS07660	MPN_RS00040	29.412	102	66	4	146	246	210	306	7.95e-04	35.4
SACI_RS07740	MPN_RS00085	26.601	203	120	10	67	252	73	263	2.22e-06	42.7
SACI_RS07860	MPN_RS01670	29.783	460	253	12	4	394	6	464	1.39e-48	168
SACI_RS07905	MPN_RS02500	23.200	125	87	2	299	414	185	309	4.02e-05	40.0
SACI_RS08070	MPN_RS03235	23.684	266	184	7	1	251	1	262	9.12e-07	44.7
SACI_RS08090	MPN_RS01375	27.376	263	142	14	101	329	3	250	1.72e-12	63.2
SACI_RS08115	MPN_RS01075	27.273	253	177	3	1	246	2	254	6.45e-32	114
SACI_RS08115	MPN_RS01870	30.531	226	151	4	8	227	6	231	2.70e-28	105
SACI_RS08115	MPN_RS03465	29.439	214	133	9	26	223	101	312	2.58e-23	92.4
SACI_RS08115	MPN_RS01080	30.047	213	132	7	25	223	38	247	8.64e-23	90.5
SACI_RS08115	MPN_RS03845	28.372	215	137	5	7	207	110	321	2.63e-20	84.0
SACI_RS08115	MPN_RS02365	25.676	222	151	4	25	232	22	243	9.96e-20	80.9
SACI_RS08115	MPN_RS01425	26.267	217	141	4	7	204	4	220	5.28e-19	81.3
SACI_RS08115	MPN_RS01425	23.744	219	149	4	22	223	343	560	4.35e-10	54.7
SACI_RS08115	MPN_RS00440	26.695	236	158	5	8	230	231	464	1.43e-17	77.0
SACI_RS08115	MPN_RS02445	30.387	181	115	5	25	195	120	299	1.11e-13	65.1
SACI_RS08115	MPN_RS02450	25.701	214	152	6	23	232	18	228	5.14e-13	62.4
SACI_RS08115	MPN_RS00305	30.952	126	83	3	102	225	315	438	1.97e-12	61.6
SACI_RS08115	MPN_RS00305	36.082	97	60	2	8	102	6	102	7.56e-12	60.1
SACI_RS08115	MPN_RS03855	29.612	206	132	5	25	222	73	273	9.64e-12	58.9
SACI_RS08115	MPN_RS00775	30.526	95	65	1	9	102	13	107	1.06e-10	56.6
SACI_RS08115	MPN_RS00775	29.310	116	80	2	118	231	344	459	1.16e-09	53.5
SACI_RS08115	MPN_RS01225	37.079	89	54	2	137	223	687	775	2.91e-10	55.5
SACI_RS08115	MPN_RS01220	28.736	87	61	1	132	217	203	289	2.00e-09	52.4
SACI_RS08115	MPN_RS00105	24.118	170	110	5	25	176	384	552	5.30e-09	51.2
SACI_RS08115	MPN_RS00110	24.719	178	119	5	27	193	416	589	8.59e-09	50.8
SACI_RS08130	MPN_RS02215	30.366	191	111	8	104	273	152	341	1.39e-10	56.6
SACI_RS08135	MPN_RS03765	26.415	265	157	7	2	229	6	269	1.21e-19	82.8
SACI_RS08140	MPN_RS01420	23.906	297	177	13	1	257	9	296	1.09e-09	53.1
SACI_RS08160	MPN_RS02195	30.425	447	289	10	2	433	3	442	2.15e-55	186
SACI_RS08160	MPN_RS02215	23.077	299	192	11	150	421	156	443	1.53e-11	60.5
SACI_RS08425	MPN_RS01210	25.606	289	202	4	64	350	19	296	4.97e-20	85.1
SACI_RS08430	MPN_RS01215	27.004	237	160	4	240	473	149	375	1.98e-15	72.4
SACI_RS08435	MPN_RS01220	34.366	355	186	8	12	324	21	370	1.08e-57	187
SACI_RS08435	MPN_RS01225	44.186	129	72	0	140	268	666	794	3.94e-38	139
SACI_RS08435	MPN_RS01225	25.000	92	68	1	6	96	5	96	4.91e-06	42.7
SACI_RS08435	MPN_RS01080	30.328	244	154	9	12	250	16	248	5.76e-23	92.0
SACI_RS08435	MPN_RS03465	26.336	262	172	7	10	264	80	327	7.14e-23	92.0
SACI_RS08435	MPN_RS00440	30.508	236	129	9	18	240	234	447	3.81e-17	76.6
SACI_RS08435	MPN_RS02365	24.757	206	146	4	32	235	21	219	6.51e-15	68.2
SACI_RS08435	MPN_RS01075	23.581	229	145	6	32	252	25	231	9.33e-15	68.2
SACI_RS08435	MPN_RS03845	25.229	218	135	7	32	241	133	330	1.40e-14	68.2
SACI_RS08435	MPN_RS00775	30.357	112	77	1	159	270	361	471	2.16e-14	68.6
SACI_RS08435	MPN_RS00775	26.087	92	62	2	27	116	23	110	1.99e-05	40.8
SACI_RS08435	MPN_RS00305	27.869	122	87	1	132	253	320	440	5.37e-14	67.4
SACI_RS08435	MPN_RS00305	24.828	145	81	4	31	163	22	150	2.64e-05	40.4
SACI_RS08435	MPN_RS02445	24.359	234	159	6	23	252	112	331	2.10e-11	58.9
SACI_RS08435	MPN_RS00110	25.893	224	132	10	39	251	420	620	8.52e-11	57.4
SACI_RS08435	MPN_RS03855	32.099	81	54	1	161	241	188	267	2.27e-09	52.4
SACI_RS08435	MPN_RS00105	28.249	177	96	6	40	200	391	552	2.50e-08	49.7
SACI_RS08435	MPN_RS02450	25.000	216	109	10	45	242	32	212	7.86e-06	41.2
SACI_RS08435	MPN_RS03270	22.751	189	114	7	47	232	492	651	2.00e-05	40.8
SACI_RS08435	MPN_RS01425	24.464	233	142	8	26	241	17	232	2.03e-05	40.4
SACI_RS08440	MPN_RS01220	29.379	354	206	8	1	312	21	372	7.22e-45	153
SACI_RS08440	MPN_RS01225	45.802	131	69	1	122	252	664	792	3.73e-35	129
SACI_RS08440	MPN_RS01225	31.250	144	88	3	1	139	11	148	7.41e-15	69.7
SACI_RS08440	MPN_RS01075	33.043	230	141	7	9	238	15	231	1.41e-27	103
SACI_RS08440	MPN_RS03465	29.741	232	150	7	24	249	102	326	2.85e-27	103
SACI_RS08440	MPN_RS00440	31.064	235	147	6	1	231	231	454	3.71e-27	105
SACI_RS08440	MPN_RS01080	30.738	244	150	9	1	236	16	248	7.20e-24	94.0
SACI_RS08440	MPN_RS03855	29.808	208	133	4	21	227	72	267	8.56e-21	85.1
SACI_RS08440	MPN_RS00305	31.387	137	91	1	117	253	321	454	2.17e-19	83.2
SACI_RS08440	MPN_RS00305	30.909	110	66	3	1	110	6	105	1.83e-06	43.9
SACI_RS08440	MPN_RS03845	29.717	212	140	5	18	229	130	332	3.25e-19	81.6
SACI_RS08440	MPN_RS02365	24.638	207	142	5	21	221	21	219	9.45e-17	73.2
SACI_RS08440	MPN_RS00110	27.679	224	137	8	21	236	413	619	1.05e-15	72.4
SACI_RS08440	MPN_RS00775	30.070	143	91	1	117	250	324	466	2.20e-14	68.2
SACI_RS08440	MPN_RS00775	42.254	71	36	1	20	90	27	92	1.61e-09	53.1
SACI_RS08440	MPN_RS02450	24.312	218	142	8	20	232	18	217	1.05e-12	62.0
SACI_RS08440	MPN_RS02445	27.111	225	150	8	17	238	118	331	3.10e-12	61.2
SACI_RS08440	MPN_RS01425	24.670	227	134	8	18	224	20	229	1.41e-10	56.6
SACI_RS08440	MPN_RS01425	21.429	238	156	6	11	233	338	559	6.06e-06	42.0
SACI_RS08440	MPN_RS01870	21.596	213	152	3	24	235	28	226	1.92e-10	55.5
SACI_RS08440	MPN_RS00105	28.070	171	97	6	24	179	386	545	2.83e-08	49.3
SACI_RS08440	MPN_RS03520	29.197	137	80	6	126	251	816	946	8.09e-04	35.4
SACI_RS08615	MPN_RS01080	28.384	229	153	5	1	219	16	243	1.76e-24	95.9
SACI_RS08615	MPN_RS01870	26.638	229	154	5	1	223	6	226	3.17e-19	81.3
SACI_RS08615	MPN_RS01425	30.493	223	136	8	6	212	10	229	5.62e-18	79.0
SACI_RS08615	MPN_RS01425	22.768	224	154	5	24	230	348	569	4.75e-07	45.4
SACI_RS08615	MPN_RS03465	24.786	234	156	6	21	240	99	326	1.95e-17	76.3
SACI_RS08615	MPN_RS00110	28.169	213	136	5	21	223	413	618	5.88e-17	75.9
SACI_RS08615	MPN_RS00440	28.507	221	147	6	1	214	231	447	9.02e-16	72.0
SACI_RS08615	MPN_RS02445	27.273	220	144	4	21	230	119	332	1.68e-15	70.9
SACI_RS08615	MPN_RS01075	22.500	200	148	5	23	218	27	223	2.23e-15	69.7
SACI_RS08615	MPN_RS02365	25.604	207	144	4	21	217	21	227	5.20e-15	68.2
SACI_RS08615	MPN_RS03845	28.505	214	124	7	18	215	130	330	1.25e-14	68.2
SACI_RS08615	MPN_RS00775	37.624	101	57	4	2	102	13	107	2.44e-13	65.1
SACI_RS08615	MPN_RS00775	28.440	109	75	2	109	214	334	442	1.23e-07	47.4
SACI_RS08615	MPN_RS03855	27.778	216	119	7	21	217	72	269	1.64e-12	61.6
SACI_RS08615	MPN_RS02450	27.854	219	146	7	1	215	1	211	6.78e-12	59.3
SACI_RS08615	MPN_RS00305	28.571	112	78	1	109	218	320	431	2.92e-10	55.5
SACI_RS08615	MPN_RS00305	30.435	69	45	2	1	69	6	71	5.19e-05	39.3
SACI_RS08615	MPN_RS01225	26.087	115	82	2	115	226	664	778	7.04e-09	51.6
SACI_RS08615	MPN_RS01225	31.169	77	48	1	1	72	11	87	2.41e-06	43.5
SACI_RS08615	MPN_RS00105	22.989	174	116	3	21	178	383	554	4.01e-06	42.7
SACI_RS08615	MPN_RS01220	24.074	108	75	3	117	218	185	291	1.24e-05	40.8
SACI_RS08665	MPN_RS01085	25.294	170	114	4	157	317	239	404	1.16e-07	47.4
SACI_RS08665	MPN_RS02440	30.208	96	60	4	192	286	157	246	1.12e-04	37.7
SACI_RS08670	MPN_RS01075	30.453	243	160	4	3	244	9	243	1.65e-34	126
SACI_RS08670	MPN_RS01075	32.243	214	138	3	300	511	25	233	4.35e-29	111
SACI_RS08670	MPN_RS01080	33.679	193	126	2	30	220	46	238	2.41e-30	115
SACI_RS08670	MPN_RS01080	28.175	252	165	8	272	511	5	252	9.07e-21	87.8
SACI_RS08670	MPN_RS03465	29.333	225	145	5	5	220	84	303	2.02e-26	104
SACI_RS08670	MPN_RS03465	27.876	226	143	9	296	507	94	313	1.03e-17	79.0
SACI_RS08670	MPN_RS02445	30.594	219	149	3	28	244	126	343	6.86e-24	98.2
SACI_RS08670	MPN_RS02445	29.412	221	136	7	311	518	130	343	1.38e-18	82.4
SACI_RS08670	MPN_RS02450	27.559	254	162	8	4	250	2	240	1.11e-21	89.7
SACI_RS08670	MPN_RS02450	24.896	241	151	8	271	507	6	220	3.33e-12	61.6
SACI_RS08670	MPN_RS02365	27.363	201	132	4	310	500	31	227	5.48e-16	72.4
SACI_RS08670	MPN_RS02365	26.341	205	137	3	28	223	28	227	1.69e-15	71.2
SACI_RS08670	MPN_RS03855	31.095	283	149	15	253	506	13	278	1.43e-15	72.0
SACI_RS08670	MPN_RS03855	27.805	205	131	9	25	223	76	269	4.37e-12	61.6
SACI_RS08670	MPN_RS00440	30.882	204	124	9	25	221	255	448	3.05e-14	69.3
SACI_RS08670	MPN_RS00440	26.829	205	138	6	305	503	256	454	8.27e-14	68.2
SACI_RS08670	MPN_RS03845	31.553	206	122	8	302	498	135	330	1.52e-13	66.6
SACI_RS08670	MPN_RS03845	28.000	200	131	8	26	220	138	329	5.76e-10	55.5
SACI_RS08670	MPN_RS01220	24.314	255	138	11	305	507	46	297	2.31e-12	63.5
SACI_RS08670	MPN_RS01220	30.380	79	53	1	144	220	209	287	9.44e-07	45.8
SACI_RS08670	MPN_RS01870	26.160	237	157	8	296	525	21	246	2.66e-12	62.8
SACI_RS08670	MPN_RS01870	24.324	222	152	7	4	220	7	217	1.08e-10	57.8
SACI_RS08670	MPN_RS00305	29.927	137	83	2	386	509	303	439	2.00e-11	60.8
SACI_RS08670	MPN_RS00305	27.200	125	87	2	100	220	303	427	7.64e-10	55.8
SACI_RS08670	MPN_RS00305	32.967	91	52	3	300	389	23	105	1.50e-05	42.0
SACI_RS08670	MPN_RS00305	29.771	131	78	6	2	128	5	125	1.06e-04	39.3
SACI_RS08670	MPN_RS00110	25.926	216	141	7	14	220	404	609	5.56e-11	59.3
SACI_RS08670	MPN_RS00110	24.812	266	158	12	274	514	378	626	6.20e-09	52.8
SACI_RS08670	MPN_RS00775	32.323	99	62	2	124	220	347	442	2.65e-10	57.4
SACI_RS08670	MPN_RS00775	29.268	123	82	2	387	508	335	453	7.13e-10	55.8
SACI_RS08670	MPN_RS00775	28.358	67	44	1	300	366	28	90	6.70e-04	36.6
SACI_RS08670	MPN_RS01225	33.673	98	64	1	411	507	679	776	2.42e-09	54.3
SACI_RS08670	MPN_RS01225	29.464	112	74	3	123	230	666	776	1.72e-08	51.6
SACI_RS08670	MPN_RS00105	24.405	168	93	5	29	175	391	545	2.19e-08	51.2
SACI_RS08670	MPN_RS01425	25.000	200	125	6	36	218	38	229	2.98e-08	50.8
SACI_RS08670	MPN_RS01425	24.664	223	143	7	294	498	17	232	5.19e-07	46.6
SACI_RS08670	MPN_RS01425	22.667	225	137	9	28	230	352	561	2.80e-06	44.3
SACI_RS08670	MPN_RS03520	31.333	150	80	8	371	507	450	589	5.24e-05	40.4
SACI_RS08670	MPN_RS03520	29.885	87	55	4	132	213	823	908	5.38e-05	40.4
SACI_RS08670	MPN_RS03520	30.108	93	60	4	118	206	469	560	5.81e-05	40.4
SACI_RS08670	MPN_RS03520	24.603	126	78	5	391	507	814	931	8.12e-05	39.7
SACI_RS08740	MPN_RS01450	36.364	88	56	0	44	131	9	96	1.84e-21	78.2
SACI_RS08775	MPN_RS02700	34.247	73	41	3	60	126	53	124	1.23e-04	36.6
SACI_RS08975	MPN_RS02330	31.818	66	45	0	51	116	76	141	1.59e-04	35.8
SACI_RS08975	MPN_RS00590	39.062	64	32	2	36	97	38	96	3.65e-04	34.7
SACI_RS08975	MPN_RS01145	31.818	66	45	0	51	116	76	141	4.21e-04	34.7
SACI_RS08990	MPN_RS01375	26.282	156	97	7	490	636	108	254	2.72e-06	44.7
SACI_RS09330	MPN_RS02215	26.923	208	124	9	93	279	141	341	9.29e-09	50.8
SACI_RS09370	MPN_RS00125	31.132	106	72	1	14	119	16	120	8.02e-10	50.1
SACI_RS11500	MPN_RS01745	24.107	112	82	1	41	152	175	283	8.78e-04	35.0
SACI_RS09475	MPN_RS01870	34.081	223	124	8	1	201	6	227	1.06e-27	104
SACI_RS09475	MPN_RS01075	27.602	221	138	8	16	215	24	243	2.20e-15	69.3
SACI_RS09475	MPN_RS00110	26.977	215	133	7	14	205	410	623	5.01e-14	66.6
SACI_RS09475	MPN_RS01425	28.182	220	118	7	19	201	25	241	1.91e-12	62.0
SACI_RS09475	MPN_RS01080	26.904	197	118	8	30	200	51	247	4.65e-12	60.1
SACI_RS09475	MPN_RS03465	24.885	217	133	7	14	200	96	312	2.26e-11	58.2
SACI_RS09475	MPN_RS03845	26.190	210	131	7	15	201	131	339	9.31e-11	56.2
SACI_RS09475	MPN_RS00440	25.767	163	102	7	5	148	239	401	1.01e-07	47.4
SACI_RS09475	MPN_RS00775	27.966	118	81	1	93	206	340	457	3.25e-07	45.8
SACI_RS09475	MPN_RS00775	38.776	49	29	1	2	49	13	61	9.44e-06	41.2
SACI_RS09475	MPN_RS02445	26.389	144	98	3	110	248	236	376	4.32e-06	42.0
SACI_RS09475	MPN_RS02450	23.560	191	110	8	28	192	31	211	4.88e-06	41.6
SACI_RS09475	MPN_RS01225	32.222	90	57	1	115	200	686	775	6.90e-06	42.0
SACI_RS09475	MPN_RS02365	18.386	223	153	6	10	203	14	236	6.24e-05	38.1
SACI_RS09475	MPN_RS03270	24.675	154	107	5	33	178	494	646	1.61e-04	37.4
SACI_RS09475	MPN_RS02415	34.694	49	31	1	1	49	1	48	5.78e-04	35.8
SACI_RS09475	MPN_RS00305	33.333	60	37	3	15	72	21	79	6.02e-04	35.4
SACI_RS09620	MPN_RS03090	31.707	82	48	2	301	380	40	115	7.48e-06	42.7
SACI_RS09620	MPN_RS01860	27.586	116	69	4	270	384	349	450	9.66e-05	39.7
SACI_RS09665	MPN_RS00440	31.132	212	127	9	4	201	241	447	1.43e-15	70.9
SACI_RS09665	MPN_RS01075	24.519	208	144	6	18	213	25	231	6.88e-15	67.8
SACI_RS09665	MPN_RS01080	24.590	244	128	8	10	220	29	249	2.35e-12	60.5
SACI_RS09665	MPN_RS01870	22.430	214	149	5	14	214	21	230	2.10e-11	57.8
SACI_RS09665	MPN_RS03855	27.962	211	135	7	4	202	62	267	6.09e-11	56.2
SACI_RS09665	MPN_RS02365	22.973	222	151	5	18	219	21	242	1.89e-10	54.7
SACI_RS09665	MPN_RS01425	25.472	212	131	6	31	218	37	245	1.64e-09	52.8
SACI_RS09665	MPN_RS00110	20.455	220	152	7	13	214	408	622	4.66e-08	48.1
SACI_RS09665	MPN_RS00775	27.350	117	80	2	98	210	336	451	7.26e-08	47.8
SACI_RS09665	MPN_RS00775	42.308	52	29	1	12	62	22	73	1.89e-07	46.2
SACI_RS09665	MPN_RS03845	25.907	193	121	7	27	202	143	330	8.10e-08	47.0
SACI_RS09665	MPN_RS00105	24.581	179	91	6	15	160	380	547	4.01e-07	45.4
SACI_RS09665	MPN_RS00305	30.435	92	60	1	126	213	348	439	4.14e-07	45.4
SACI_RS09665	MPN_RS00305	38.462	39	24	0	26	64	32	70	5.89e-05	38.5
SACI_RS09665	MPN_RS03465	24.348	115	77	3	110	216	212	324	7.81e-07	44.3
SACI_RS09665	MPN_RS02450	22.115	208	146	7	15	210	16	219	2.37e-05	39.3
SACI_RS09665	MPN_RS01225	25.926	108	72	2	111	210	668	775	1.22e-04	37.7
SACI_RS09755	MPN_RS00030	27.778	144	97	3	2	138	3	146	4.10e-12	58.2
SACI_RS09825	MPN_RS00270	25.474	369	228	14	7	344	6	358	4.82e-12	61.6
SACI_RS09830	MPN_RS00265	48.111	503	250	5	1	492	3	505	5.78e-170	484
SACI_RS09945	MPN_RS03235	25.000	280	192	9	1	271	1	271	7.56e-06	41.6
SACI_RS10025	MPN_RS03815	28.745	247	157	6	4	241	5	241	2.44e-27	107
SACI_RS10250	MPN_RS01425	28.571	245	162	3	5	237	6	249	1.32e-28	108
SACI_RS10250	MPN_RS01425	24.370	238	161	5	14	237	338	570	4.42e-13	63.2
SACI_RS10250	MPN_RS02365	23.932	234	160	6	14	236	15	241	9.15e-22	85.9
SACI_RS10250	MPN_RS03855	31.579	209	122	6	20	220	72	267	3.15e-21	85.1
SACI_RS10250	MPN_RS03845	33.019	212	117	7	20	220	133	330	6.29e-21	85.1
SACI_RS10250	MPN_RS01075	28.889	225	141	8	10	227	15	227	1.78e-20	82.8
SACI_RS10250	MPN_RS01080	26.267	217	146	3	12	220	29	239	3.87e-20	82.4
SACI_RS10250	MPN_RS00440	30.736	231	131	10	4	219	231	447	4.74e-19	80.5
SACI_RS10250	MPN_RS03465	25.847	236	145	9	3	220	81	304	1.56e-17	75.5
SACI_RS10250	MPN_RS01220	25.965	285	147	8	4	233	21	296	6.82e-16	71.2
SACI_RS10250	MPN_RS01870	24.255	235	152	8	1	224	3	222	2.08e-14	66.6
SACI_RS10250	MPN_RS00775	33.333	96	61	2	5	100	13	105	7.54e-14	65.5
SACI_RS10250	MPN_RS00775	31.250	80	54	1	141	219	363	442	6.62e-09	50.4
SACI_RS10250	MPN_RS00110	28.910	211	127	10	20	220	413	610	5.52e-13	62.8
SACI_RS10250	MPN_RS01225	36.082	97	61	1	125	220	671	767	5.49e-12	60.1
SACI_RS10250	MPN_RS00305	34.343	99	59	4	4	100	6	100	6.62e-11	56.6
SACI_RS10250	MPN_RS00305	36.145	83	50	2	140	220	347	428	5.20e-10	53.9
SACI_RS10250	MPN_RS00105	27.222	180	106	7	20	182	383	554	5.62e-09	50.8
SACI_RS10250	MPN_RS02445	24.651	215	143	8	16	220	115	320	7.27e-09	50.1
SACI_RS10250	MPN_RS02450	23.301	206	142	7	19	220	18	211	8.56e-08	46.6
SACI_RS10250	MPN_RS03520	29.592	98	63	3	123	217	817	911	1.86e-05	40.0
SACI_RS10265	MPN_RS00110	27.256	532	375	3	168	688	103	633	9.64e-68	232
SACI_RS10265	MPN_RS00105	26.223	511	341	7	209	694	120	619	1.41e-37	144
SACI_RS10265	MPN_RS01075	36.052	233	140	5	454	683	12	238	5.26e-37	135
SACI_RS10265	MPN_RS03465	29.197	274	166	7	417	674	52	313	4.24e-28	110
SACI_RS10265	MPN_RS02365	27.854	219	146	6	452	661	6	221	7.40e-25	99.4
SACI_RS10265	MPN_RS01080	30.242	248	150	7	467	695	36	279	9.60e-21	88.6
SACI_RS10265	MPN_RS02450	29.958	237	142	9	456	682	6	228	7.65e-20	85.1
SACI_RS10265	MPN_RS01870	25.561	223	152	6	459	676	16	229	4.56e-17	78.2
SACI_RS10265	MPN_RS03845	25.352	213	137	4	464	665	129	330	1.15e-16	77.0
SACI_RS10265	MPN_RS03855	30.144	209	124	6	467	665	71	267	2.91e-16	75.1
SACI_RS10265	MPN_RS01425	27.542	236	142	11	450	663	2	230	5.99e-14	70.1
SACI_RS10265	MPN_RS01425	24.691	243	152	10	453	675	332	563	3.23e-11	61.2
SACI_RS10265	MPN_RS00775	36.458	96	58	2	581	673	356	451	1.23e-13	68.9
SACI_RS10265	MPN_RS00440	26.291	213	129	6	467	665	250	448	1.83e-13	68.2
SACI_RS10265	MPN_RS00305	42.222	90	49	2	461	549	16	103	3.51e-13	67.4
SACI_RS10265	MPN_RS00305	29.545	88	59	2	589	673	349	436	1.48e-10	58.9
SACI_RS10265	MPN_RS01225	37.079	89	53	2	589	674	688	776	2.84e-12	65.1
SACI_RS10265	MPN_RS01225	30.667	75	47	1	465	534	28	102	1.11e-04	40.4
SACI_RS10265	MPN_RS01220	36.170	94	57	2	589	679	209	302	3.64e-10	57.4
SACI_RS10265	MPN_RS01220	32.468	77	41	2	467	534	40	114	5.20e-05	40.8
SACI_RS10265	MPN_RS02445	21.525	223	153	5	467	676	118	331	1.00e-07	49.7
SACI_RS10265	MPN_RS03520	27.500	120	71	4	582	685	829	948	7.28e-06	44.3
SACI_RS10265	MPN_RS03270	21.667	180	124	2	481	659	490	653	1.17e-05	43.5
SACI_RS10280	MPN_RS03235	27.246	334	218	12	19	333	18	345	6.13e-19	81.3
SACI_RS10350	MPN_RS02830	26.471	238	145	9	10	224	10	240	2.91e-12	61.2
SACI_RS10370	MPN_RS01335	28.472	288	192	9	4	287	16	293	1.08e-18	80.1
SACI_RS10370	MPN_RS02195	21.765	340	174	15	4	286	3	307	3.45e-04	36.6
SACI_RS10375	MPN_RS03235	29.651	344	212	10	20	352	15	339	6.78e-23	93.2
SACI_RS10470	MPN_RS02385	27.778	216	130	8	2	196	6	216	3.67e-14	64.3
SACI_RS10470	MPN_RS03245	26.543	162	105	4	2	149	5	166	1.60e-09	51.2
SACI_RS10495	MPN_RS01980	26.984	63	41	1	68	130	39	96	8.65e-04	36.2
SACI_RS10575	MPN_RS01810	25.108	231	135	10	15	229	19	227	5.95e-04	35.4
SACI_RS10750	MPN_RS03235	25.373	335	224	9	19	343	18	336	6.53e-12	60.5
SACI_RS11020	MPN_RS00175	27.928	111	72	4	4	110	2	108	1.99e-07	42.4
SACI_RS11020	MPN_RS01625	21.512	172	132	1	5	173	20	191	9.92e-06	38.9
SACI_RS11065	MPN_RS02215	23.005	426	270	14	22	391	3	426	6.37e-19	83.2
SACI_RS11140	MPN_RS01080	29.956	227	143	6	1	211	16	242	1.91e-25	97.4
SACI_RS11140	MPN_RS03465	27.602	221	139	9	20	223	103	319	1.21e-21	87.4
SACI_RS11140	MPN_RS01870	25.229	218	154	4	31	241	39	254	7.71e-21	85.1
SACI_RS11140	MPN_RS01075	28.205	195	132	6	30	218	38	230	2.03e-17	75.1
SACI_RS11140	MPN_RS02365	24.891	229	153	5	13	222	16	244	2.03e-14	65.9
SACI_RS11140	MPN_RS02445	23.874	222	159	4	28	239	130	351	1.40e-13	64.7
SACI_RS11140	MPN_RS00440	29.255	188	115	6	32	207	266	447	1.30e-12	62.0
SACI_RS11140	MPN_RS00305	30.000	120	80	1	101	216	317	436	1.79e-11	58.9
SACI_RS11140	MPN_RS00305	29.126	103	57	3	1	98	6	97	2.23e-07	46.2
SACI_RS11140	MPN_RS01220	30.769	91	59	1	132	218	208	298	3.00e-11	57.8
SACI_RS11140	MPN_RS02450	25.806	217	150	7	1	210	1	213	2.25e-10	54.7
SACI_RS11140	MPN_RS03845	25.126	199	135	6	28	216	144	338	2.63e-09	51.6
SACI_RS11140	MPN_RS01225	25.781	128	90	2	132	254	687	814	2.16e-08	49.7
SACI_RS11140	MPN_RS00775	29.293	99	65	2	125	219	357	454	4.95e-08	48.1
SACI_RS11140	MPN_RS00775	38.333	60	36	1	17	75	27	86	2.85e-07	45.8
SACI_RS11140	MPN_RS03855	23.316	193	122	4	32	209	87	268	1.33e-07	46.2
SACI_RS11140	MPN_RS01425	22.747	233	143	6	15	215	12	239	2.08e-06	43.1
SACI_RS11155	MPN_RS01075	27.189	217	150	4	5	214	13	228	2.38e-23	91.7
SACI_RS11155	MPN_RS01870	25.094	267	174	6	16	267	24	279	5.05e-23	91.7
SACI_RS11155	MPN_RS03845	32.161	199	123	5	15	203	131	327	1.11e-19	82.4
SACI_RS11155	MPN_RS00440	28.910	211	138	7	3	203	237	445	1.81e-18	79.7
SACI_RS11155	MPN_RS01080	29.075	227	142	8	16	225	36	260	2.53e-18	78.2
SACI_RS11155	MPN_RS01425	25.688	327	178	13	5	284	9	317	8.31e-18	78.2
SACI_RS11155	MPN_RS01425	23.364	214	144	5	11	204	338	551	1.56e-05	40.8
SACI_RS11155	MPN_RS03465	27.826	230	132	8	13	217	95	315	1.50e-17	76.3
SACI_RS11155	MPN_RS02365	26.271	236	151	6	1	217	5	236	9.50e-17	72.8
SACI_RS11155	MPN_RS03855	28.846	208	140	4	3	203	58	264	1.69e-16	72.8
SACI_RS11155	MPN_RS01225	32.000	150	97	4	105	249	664	813	4.27e-14	67.0
SACI_RS11155	MPN_RS01225	35.556	45	29	0	16	60	30	74	1.98e-04	37.4
SACI_RS11155	MPN_RS00305	29.457	129	82	2	101	220	322	450	4.37e-14	67.0
SACI_RS11155	MPN_RS00305	28.025	157	92	5	1	149	6	149	1.87e-09	52.8
SACI_RS11155	MPN_RS00110	25.561	223	140	7	12	217	408	621	4.61e-13	63.9
SACI_RS11155	MPN_RS00775	35.443	79	51	0	11	89	22	100	4.48e-11	57.8
SACI_RS11155	MPN_RS00775	30.275	109	72	2	107	214	346	451	5.54e-10	54.7
SACI_RS11155	MPN_RS02445	26.087	207	129	7	16	204	118	318	1.12e-10	56.2
SACI_RS11155	MPN_RS02450	26.087	207	138	9	19	217	23	222	5.51e-09	50.8
SACI_RS11155	MPN_RS01220	28.333	120	80	3	101	215	179	297	2.51e-08	49.3
SACI_RS11155	MPN_RS00105	23.497	183	104	6	13	167	379	553	3.63e-04	36.6
SACI_RS11300	MPN_RS03160	27.027	333	215	12	10	324	16	338	1.66e-22	92.4
SACI_RS11425	MPN_RS01545	25.490	255	152	12	9	243	21	257	3.75e-06	43.5
SACI_RS11425	MPN_RS03530	26.984	126	81	5	47	171	55	170	7.52e-04	36.2
SACI_RS11430	MPN_RS03175	34.021	97	56	3	245	334	438	533	1.03e-06	45.1
SACI_RS11445	MPN_RS03765	24.138	87	66	0	2	88	6	92	2.61e-04	37.0
